# Photo-pion interaction rate for the PF1.txt
#  (redshift dependent)z	log10(gamma)	1/lambda_proton [1/Mpc]	1/lambda_neutron [1/Mpc]
0.00	6.00	4.521718e+11	4.647065e+11
0.00	6.04	7.440961e+11	7.659196e+11
0.00	6.08	1.176297e+12	1.212729e+12
0.00	6.12	1.789813e+12	1.848140e+12
0.00	6.16	2.628807e+12	2.718569e+12
0.00	6.20	3.733298e+12	3.866104e+12
0.00	6.24	5.136635e+12	5.325794e+12
0.00	6.28	6.859256e+12	7.118845e+12
0.00	6.32	8.903934e+12	9.247361e+12
0.00	6.36	1.125566e+13	1.169409e+13
0.00	6.40	1.387866e+13	1.441883e+13
0.00	6.44	1.672169e+13	1.736418e+13
0.00	6.48	1.972032e+13	2.045767e+13
0.00	6.52	2.280401e+13	2.361951e+13
0.00	6.56	2.590078e+13	2.676792e+13
0.00	6.60	2.894289e+13	2.982549e+13
0.00	6.64	3.187064e+13	3.272386e+13
0.00	6.68	3.463322e+13	3.540532e+13
0.00	6.72	3.719187e+13	3.782684e+13
0.00	6.76	3.951647e+13	3.995666e+13
0.00	6.80	4.158705e+13	4.177702e+13
0.00	6.84	4.339117e+13	4.328028e+13
0.00	6.88	4.492254e+13	4.446840e+13
0.00	6.92	4.618109e+13	4.535172e+13
0.00	6.96	4.717093e+13	4.594617e+13
0.00	7.00	4.790049e+13	4.627304e+13
0.00	7.04	4.838216e+13	4.635690e+13
0.00	7.08	4.863097e+13	4.622431e+13
0.00	7.12	4.866543e+13	4.590344e+13
0.00	7.16	4.850570e+13	4.542208e+13
0.00	7.20	4.817392e+13	4.480793e+13
0.00	7.24	4.769312e+13	4.408716e+13
0.00	7.28	4.708659e+13	4.328434e+13
0.00	7.32	4.637741e+13	4.242206e+13
0.00	7.36	4.558761e+13	4.152038e+13
0.00	7.40	4.473794e+13	4.059718e+13
0.00	7.44	4.384729e+13	3.966763e+13
0.00	7.48	4.293256e+13	3.874465e+13
0.00	7.52	4.200844e+13	3.783871e+13
0.00	7.56	4.108742e+13	3.695820e+13
0.00	7.60	4.017983e+13	3.610953e+13
0.00	7.64	3.929398e+13	3.529736e+13
0.00	7.68	3.843629e+13	3.452488e+13
0.00	7.72	3.761158e+13	3.379400e+13
0.00	7.76	3.682317e+13	3.310560e+13
0.00	7.80	3.607323e+13	3.245973e+13
0.00	7.84	3.536290e+13	3.185579e+13
0.00	7.88	3.469254e+13	3.129270e+13
0.00	7.92	3.406188e+13	3.076906e+13
0.00	7.96	3.347017e+13	3.028322e+13
0.00	8.00	3.291634e+13	2.983341e+13
0.00	8.04	3.239907e+13	2.941781e+13
0.00	8.08	3.191689e+13	2.903458e+13
0.00	8.12	3.146822e+13	2.868191e+13
0.00	8.16	3.105145e+13	2.835803e+13
0.00	8.20	3.066497e+13	2.806126e+13
0.00	8.24	3.030716e+13	2.778997e+13
0.00	8.28	2.997647e+13	2.754263e+13
0.00	8.32	2.967137e+13	2.731779e+13
0.00	8.36	2.939040e+13	2.711406e+13
0.00	8.40	2.913216e+13	2.693016e+13
0.00	8.44	2.889534e+13	2.676487e+13
0.00	8.48	2.867866e+13	2.661706e+13
0.00	8.52	2.848095e+13	2.648566e+13
0.00	8.56	2.830110e+13	2.636968e+13
0.00	8.60	2.813808e+13	2.626819e+13
0.00	8.64	2.799092e+13	2.618036e+13
0.00	8.68	2.785872e+13	2.610538e+13
0.00	8.72	2.774066e+13	2.604253e+13
0.00	8.76	2.763597e+13	2.599113e+13
0.00	8.80	2.754394e+13	2.595057e+13
0.00	8.84	2.746392e+13	2.592029e+13
0.00	8.88	2.739531e+13	2.589975e+13
0.00	8.92	2.733757e+13	2.588850e+13
0.00	8.96	2.729020e+13	2.588608e+13
0.00	9.00	2.725272e+13	2.589210e+13
0.00	9.04	2.722472e+13	2.590621e+13
0.00	9.08	2.720581e+13	2.592805e+13
0.00	9.12	2.719564e+13	2.595734e+13
0.00	9.16	2.719386e+13	2.599379e+13
0.00	9.20	2.720019e+13	2.603714e+13
0.00	9.24	2.721435e+13	2.608716e+13
0.00	9.28	2.723607e+13	2.614364e+13
0.00	9.32	2.726513e+13	2.620636e+13
0.00	9.36	2.730129e+13	2.627516e+13
0.00	9.40	2.734436e+13	2.634986e+13
0.00	9.44	2.739415e+13	2.643030e+13
0.00	9.48	2.745048e+13	2.651635e+13
0.00	9.52	2.751318e+13	2.660785e+13
0.00	9.56	2.758210e+13	2.670469e+13
0.00	9.60	2.765709e+13	2.680676e+13
0.00	9.64	2.773803e+13	2.691393e+13
0.00	9.68	2.782477e+13	2.702610e+13
0.00	9.72	2.791719e+13	2.714319e+13
0.00	9.76	2.801519e+13	2.726510e+13
0.00	9.80	2.811865e+13	2.739173e+13
0.00	9.84	2.822747e+13	2.752302e+13
0.00	9.88	2.834155e+13	2.765889e+13
0.00	9.92	2.846080e+13	2.779926e+13
0.00	9.96	2.858513e+13	2.794406e+13
0.00	10.00	2.871445e+13	2.809323e+13
0.00	10.04	2.884870e+13	2.824672e+13
0.00	10.08	2.898777e+13	2.840445e+13
0.00	10.12	2.913162e+13	2.856639e+13
0.00	10.16	2.928016e+13	2.873246e+13
0.00	10.20	2.943333e+13	2.890263e+13
0.00	10.24	2.959107e+13	2.907685e+13
0.00	10.28	2.975331e+13	2.925506e+13
0.00	10.32	2.992000e+13	2.943724e+13
0.00	10.36	3.009109e+13	2.962334e+13
0.00	10.40	3.026652e+13	2.981332e+13
0.00	10.44	3.044624e+13	3.000714e+13
0.00	10.48	3.063020e+13	3.020478e+13
0.00	10.52	3.081835e+13	3.040619e+13
0.00	10.56	3.101065e+13	3.061133e+13
0.00	10.60	3.120698e+13	3.082011e+13
0.00	10.64	3.140727e+13	3.103243e+13
0.00	10.68	3.161066e+13	3.124740e+13
0.00	10.72	3.181704e+13	3.146497e+13
0.00	10.76	3.202206e+13	3.168006e+13
0.00	10.80	3.222305e+13	3.189106e+13
0.00	10.84	3.241127e+13	3.208610e+13
0.00	10.88	3.256782e+13	3.224967e+13
0.00	10.92	3.268839e+13	3.237233e+13
0.00	10.96	3.271740e+13	3.240193e+13
0.00	11.00	3.266446e+13	3.234681e+13
0.00	11.04	3.244761e+13	3.212133e+13
0.00	11.08	3.207392e+13	3.174355e+13
0.00	11.12	3.149542e+13	3.114891e+13
0.00	11.16	3.068963e+13	3.033592e+13
0.00	11.20	2.967929e+13	2.931241e+13
0.00	11.24	2.843260e+13	2.805919e+13
0.00	11.28	2.700964e+13	2.663224e+13
0.00	11.32	2.541345e+13	2.503604e+13
0.00	11.36	2.369914e+13	2.332754e+13
0.00	11.40	2.190660e+13	2.154456e+13
0.00	11.44	2.007549e+13	1.972716e+13
0.00	11.48	1.825149e+13	1.792153e+13
0.00	11.52	1.646795e+13	1.615760e+13
0.00	11.56	1.475075e+13	1.446357e+13
0.00	11.60	1.313042e+13	1.286625e+13
0.00	11.64	1.161224e+13	1.137206e+13
0.00	11.68	1.021734e+13	1.000073e+13
0.00	11.72	8.940547e+12	8.746346e+12
0.00	11.76	7.789506e+12	7.617241e+12
0.00	11.80	6.756936e+12	6.604256e+12
0.00	11.84	5.838520e+12	5.704901e+12
0.00	11.88	5.028205e+12	4.911177e+12
0.00	11.92	4.315203e+12	4.213657e+12
0.00	11.96	3.693991e+12	3.605988e+12
0.00	12.00	3.152769e+12	3.076881e+12
0.00	12.04	2.685359e+12	2.620144e+12
0.00	12.08	2.281707e+12	2.225763e+12
0.00	12.12	1.935298e+12	1.887547e+12
0.00	12.16	1.638462e+12	1.597684e+12
0.00	12.20	1.384882e+12	1.350262e+12
0.00	12.24	1.168974e+12	1.139555e+12
0.00	12.28	9.852466e+11	9.603491e+11
0.00	12.32	8.295575e+11	8.084925e+11
0.00	12.36	6.975764e+11	6.797903e+11
0.00	12.40	5.861094e+11	5.711135e+11
0.00	12.44	4.919485e+11	4.793128e+11
0.00	12.48	4.126123e+11	4.019883e+11
0.00	12.52	3.458031e+11	3.368672e+11
0.00	12.56	2.896102e+11	2.821134e+11
0.00	12.60	2.424120e+11	2.361195e+11
0.00	12.64	2.027751e+11	1.975027e+11
0.00	12.68	1.695483e+11	1.651310e+11
0.00	12.72	1.416885e+11	1.379907e+11
0.00	12.76	1.183653e+11	1.152718e+11
0.00	12.80	9.883750e+10	9.625008e+10
0.00	12.84	8.250580e+10	8.034376e+10
0.00	12.88	6.885022e+10	6.704330e+10
0.00	12.92	5.743776e+10	5.592925e+10
0.00	12.96	4.790539e+10	4.664572e+10
0.00	13.00	3.994382e+10	3.889276e+10
0.00	13.04	3.329947e+10	3.242250e+10
0.00	13.08	2.775379e+10	2.702234e+10
0.00	13.12	2.312824e+10	2.251832e+10
0.00	13.16	1.926993e+10	1.876140e+10
0.00	13.20	1.605310e+10	1.562928e+10
0.00	13.24	1.337135e+10	1.301810e+10
0.00	13.28	1.113617e+10	1.084187e+10
0.00	13.32	9.273671e+09	9.028475e+09
0.00	13.36	7.721749e+09	7.517523e+09
0.00	13.40	6.429032e+09	6.258932e+09
0.00	13.44	5.352173e+09	5.210521e+09
0.00	13.48	4.455403e+09	4.337454e+09
0.00	13.52	3.708584e+09	3.610376e+09
0.00	13.56	3.086770e+09	3.005013e+09
0.00	13.60	2.569055e+09	2.500991e+09
0.00	13.64	2.138050e+09	2.081397e+09
0.00	13.68	1.779270e+09	1.732113e+09
0.00	13.72	1.480615e+09	1.441369e+09
0.00	13.76	1.232051e+09	1.199387e+09
0.00	13.80	1.025170e+09	9.979882e+08
0.00	13.84	8.530049e+08	8.303851e+08
0.00	13.88	7.097274e+08	6.909046e+08
0.00	13.92	5.905020e+08	5.748401e+08
0.00	13.96	4.912932e+08	4.782612e+08
0.00	14.00	4.087425e+08	3.978995e+08
0.00	14.04	3.400551e+08	3.310332e+08
0.00	14.08	2.829030e+08	2.753969e+08
0.00	14.12	2.353525e+08	2.291075e+08
0.00	14.16	1.957901e+08	1.905946e+08
0.00	14.20	1.628763e+08	1.585540e+08
0.00	14.24	1.354937e+08	1.318979e+08
0.00	14.28	1.127134e+08	1.097220e+08
0.00	14.32	9.376192e+07	9.127337e+07
0.00	14.36	7.799609e+07	7.592595e+07
0.00	14.40	6.488077e+07	6.315867e+07
0.00	14.44	5.397035e+07	5.253780e+07
0.00	14.48	4.489433e+07	4.370265e+07
0.00	14.52	3.734427e+07	3.635297e+07
0.00	14.56	3.106375e+07	3.023915e+07
0.00	14.60	2.583929e+07	2.515336e+07
0.00	14.64	2.149342e+07	2.092285e+07
0.00	14.68	1.787841e+07	1.740380e+07
0.00	14.72	1.487134e+07	1.447654e+07
0.00	14.76	1.236994e+07	1.204154e+07
0.00	14.80	1.028921e+07	1.001605e+07
0.00	14.84	8.558491e+06	8.331276e+06
0.00	14.88	7.118891e+06	6.929894e+06
0.00	14.92	5.921424e+06	5.764216e+06
0.00	14.96	4.925359e+06	4.794593e+06
0.00	15.00	4.096831e+06	3.988061e+06
0.00	15.04	3.407664e+06	3.317190e+06
0.00	15.08	2.834424e+06	2.759170e+06
0.00	15.12	2.357618e+06	2.295023e+06
0.00	15.16	1.961019e+06	1.908953e+06
0.00	15.20	1.631128e+06	1.587820e+06
0.00	15.24	1.356725e+06	1.320703e+06
0.00	15.28	1.128485e+06	1.098523e+06
0.00	15.32	9.386435e+05	9.137217e+05
0.00	15.36	7.807381e+05	7.600087e+05
0.00	15.40	6.493960e+05	6.321538e+05
0.00	15.44	5.401485e+05	5.258068e+05
0.00	15.48	4.492788e+05	4.373498e+05
0.00	15.52	3.736957e+05	3.637735e+05
0.00	15.56	3.108282e+05	3.025752e+05
0.00	15.60	2.585372e+05	2.516727e+05
0.00	15.64	2.150434e+05	2.093337e+05
0.00	15.68	1.788668e+05	1.741176e+05
0.00	15.72	1.487759e+05	1.448257e+05
0.00	15.76	1.237469e+05	1.204612e+05
0.00	15.80	1.029284e+05	1.001954e+05
0.00	15.84	8.561214e+04	8.333895e+04
0.00	15.88	7.120911e+04	6.931837e+04
0.00	15.92	5.922937e+04	5.765674e+04
0.00	15.96	4.926517e+04	4.795711e+04
0.00	16.00	4.097717e+04	3.988915e+04
5.00	6.00	4.521718e+11	4.647065e+11
5.00	6.04	7.440961e+11	7.659196e+11
5.00	6.08	1.176297e+12	1.212729e+12
5.00	6.12	1.789813e+12	1.848140e+12
5.00	6.16	2.628807e+12	2.718569e+12
5.00	6.20	3.733298e+12	3.866104e+12
5.00	6.24	5.136635e+12	5.325794e+12
5.00	6.28	6.859256e+12	7.118845e+12
5.00	6.32	8.903934e+12	9.247361e+12
5.00	6.36	1.125566e+13	1.169409e+13
5.00	6.40	1.387866e+13	1.441883e+13
5.00	6.44	1.672169e+13	1.736418e+13
5.00	6.48	1.972032e+13	2.045767e+13
5.00	6.52	2.280401e+13	2.361951e+13
5.00	6.56	2.590078e+13	2.676792e+13
5.00	6.60	2.894289e+13	2.982549e+13
5.00	6.64	3.187064e+13	3.272386e+13
5.00	6.68	3.463322e+13	3.540532e+13
5.00	6.72	3.719187e+13	3.782684e+13
5.00	6.76	3.951647e+13	3.995666e+13
5.00	6.80	4.158705e+13	4.177702e+13
5.00	6.84	4.339117e+13	4.328028e+13
5.00	6.88	4.492254e+13	4.446840e+13
5.00	6.92	4.618109e+13	4.535172e+13
5.00	6.96	4.717093e+13	4.594617e+13
5.00	7.00	4.790049e+13	4.627304e+13
5.00	7.04	4.838216e+13	4.635690e+13
5.00	7.08	4.863097e+13	4.622431e+13
5.00	7.12	4.866543e+13	4.590344e+13
5.00	7.16	4.850570e+13	4.542208e+13
5.00	7.20	4.817392e+13	4.480793e+13
5.00	7.24	4.769312e+13	4.408716e+13
5.00	7.28	4.708659e+13	4.328434e+13
5.00	7.32	4.637741e+13	4.242206e+13
5.00	7.36	4.558761e+13	4.152038e+13
5.00	7.40	4.473794e+13	4.059718e+13
5.00	7.44	4.384729e+13	3.966763e+13
5.00	7.48	4.293256e+13	3.874465e+13
5.00	7.52	4.200844e+13	3.783871e+13
5.00	7.56	4.108742e+13	3.695820e+13
5.00	7.60	4.017983e+13	3.610953e+13
5.00	7.64	3.929398e+13	3.529736e+13
5.00	7.68	3.843629e+13	3.452488e+13
5.00	7.72	3.761158e+13	3.379400e+13
5.00	7.76	3.682317e+13	3.310560e+13
5.00	7.80	3.607323e+13	3.245973e+13
5.00	7.84	3.536290e+13	3.185579e+13
5.00	7.88	3.469254e+13	3.129270e+13
5.00	7.92	3.406188e+13	3.076906e+13
5.00	7.96	3.347017e+13	3.028322e+13
5.00	8.00	3.291634e+13	2.983341e+13
5.00	8.04	3.239907e+13	2.941781e+13
5.00	8.08	3.191689e+13	2.903458e+13
5.00	8.12	3.146822e+13	2.868191e+13
5.00	8.16	3.105145e+13	2.835803e+13
5.00	8.20	3.066497e+13	2.806126e+13
5.00	8.24	3.030716e+13	2.778997e+13
5.00	8.28	2.997647e+13	2.754263e+13
5.00	8.32	2.967137e+13	2.731779e+13
5.00	8.36	2.939040e+13	2.711406e+13
5.00	8.40	2.913216e+13	2.693016e+13
5.00	8.44	2.889534e+13	2.676487e+13
5.00	8.48	2.867866e+13	2.661706e+13
5.00	8.52	2.848095e+13	2.648566e+13
5.00	8.56	2.830110e+13	2.636968e+13
5.00	8.60	2.813808e+13	2.626819e+13
5.00	8.64	2.799092e+13	2.618036e+13
5.00	8.68	2.785872e+13	2.610538e+13
5.00	8.72	2.774066e+13	2.604253e+13
5.00	8.76	2.763597e+13	2.599113e+13
5.00	8.80	2.754394e+13	2.595057e+13
5.00	8.84	2.746392e+13	2.592029e+13
5.00	8.88	2.739531e+13	2.589975e+13
5.00	8.92	2.733757e+13	2.588850e+13
5.00	8.96	2.729020e+13	2.588608e+13
5.00	9.00	2.725272e+13	2.589210e+13
5.00	9.04	2.722472e+13	2.590621e+13
5.00	9.08	2.720581e+13	2.592805e+13
5.00	9.12	2.719564e+13	2.595734e+13
5.00	9.16	2.719386e+13	2.599379e+13
5.00	9.20	2.720019e+13	2.603714e+13
5.00	9.24	2.721435e+13	2.608716e+13
5.00	9.28	2.723607e+13	2.614364e+13
5.00	9.32	2.726513e+13	2.620636e+13
5.00	9.36	2.730129e+13	2.627516e+13
5.00	9.40	2.734436e+13	2.634986e+13
5.00	9.44	2.739415e+13	2.643030e+13
5.00	9.48	2.745048e+13	2.651635e+13
5.00	9.52	2.751318e+13	2.660785e+13
5.00	9.56	2.758210e+13	2.670469e+13
5.00	9.60	2.765709e+13	2.680676e+13
5.00	9.64	2.773803e+13	2.691393e+13
5.00	9.68	2.782477e+13	2.702610e+13
5.00	9.72	2.791719e+13	2.714319e+13
5.00	9.76	2.801519e+13	2.726510e+13
5.00	9.80	2.811865e+13	2.739173e+13
5.00	9.84	2.822747e+13	2.752302e+13
5.00	9.88	2.834155e+13	2.765889e+13
5.00	9.92	2.846080e+13	2.779926e+13
5.00	9.96	2.858513e+13	2.794406e+13
5.00	10.00	2.871445e+13	2.809323e+13
5.00	10.04	2.884870e+13	2.824672e+13
5.00	10.08	2.898777e+13	2.840445e+13
5.00	10.12	2.913162e+13	2.856639e+13
5.00	10.16	2.928016e+13	2.873246e+13
5.00	10.20	2.943333e+13	2.890263e+13
5.00	10.24	2.959107e+13	2.907685e+13
5.00	10.28	2.975331e+13	2.925506e+13
5.00	10.32	2.992000e+13	2.943724e+13
5.00	10.36	3.009109e+13	2.962334e+13
5.00	10.40	3.026652e+13	2.981332e+13
5.00	10.44	3.044624e+13	3.000714e+13
5.00	10.48	3.063020e+13	3.020478e+13
5.00	10.52	3.081835e+13	3.040619e+13
5.00	10.56	3.101065e+13	3.061133e+13
5.00	10.60	3.120698e+13	3.082011e+13
5.00	10.64	3.140727e+13	3.103243e+13
5.00	10.68	3.161066e+13	3.124740e+13
5.00	10.72	3.181704e+13	3.146497e+13
5.00	10.76	3.202206e+13	3.168006e+13
5.00	10.80	3.222305e+13	3.189106e+13
5.00	10.84	3.241127e+13	3.208610e+13
5.00	10.88	3.256782e+13	3.224967e+13
5.00	10.92	3.268839e+13	3.237233e+13
5.00	10.96	3.271740e+13	3.240193e+13
5.00	11.00	3.266446e+13	3.234681e+13
5.00	11.04	3.244761e+13	3.212133e+13
5.00	11.08	3.207392e+13	3.174355e+13
5.00	11.12	3.149542e+13	3.114891e+13
5.00	11.16	3.068963e+13	3.033592e+13
5.00	11.20	2.967929e+13	2.931241e+13
5.00	11.24	2.843260e+13	2.805919e+13
5.00	11.28	2.700964e+13	2.663224e+13
5.00	11.32	2.541345e+13	2.503604e+13
5.00	11.36	2.369914e+13	2.332754e+13
5.00	11.40	2.190660e+13	2.154456e+13
5.00	11.44	2.007549e+13	1.972716e+13
5.00	11.48	1.825149e+13	1.792153e+13
5.00	11.52	1.646795e+13	1.615760e+13
5.00	11.56	1.475075e+13	1.446357e+13
5.00	11.60	1.313042e+13	1.286625e+13
5.00	11.64	1.161224e+13	1.137206e+13
5.00	11.68	1.021734e+13	1.000073e+13
5.00	11.72	8.940547e+12	8.746346e+12
5.00	11.76	7.789506e+12	7.617241e+12
5.00	11.80	6.756936e+12	6.604256e+12
5.00	11.84	5.838520e+12	5.704901e+12
5.00	11.88	5.028205e+12	4.911177e+12
5.00	11.92	4.315203e+12	4.213657e+12
5.00	11.96	3.693991e+12	3.605988e+12
5.00	12.00	3.152769e+12	3.076881e+12
5.00	12.04	2.685359e+12	2.620144e+12
5.00	12.08	2.281707e+12	2.225763e+12
5.00	12.12	1.935298e+12	1.887547e+12
5.00	12.16	1.638462e+12	1.597684e+12
5.00	12.20	1.384882e+12	1.350262e+12
5.00	12.24	1.168974e+12	1.139555e+12
5.00	12.28	9.852466e+11	9.603491e+11
5.00	12.32	8.295575e+11	8.084925e+11
5.00	12.36	6.975764e+11	6.797903e+11
5.00	12.40	5.861094e+11	5.711135e+11
5.00	12.44	4.919485e+11	4.793128e+11
5.00	12.48	4.126123e+11	4.019883e+11
5.00	12.52	3.458031e+11	3.368672e+11
5.00	12.56	2.896102e+11	2.821134e+11
5.00	12.60	2.424120e+11	2.361195e+11
5.00	12.64	2.027751e+11	1.975027e+11
5.00	12.68	1.695483e+11	1.651310e+11
5.00	12.72	1.416885e+11	1.379907e+11
5.00	12.76	1.183653e+11	1.152718e+11
5.00	12.80	9.883750e+10	9.625008e+10
5.00	12.84	8.250580e+10	8.034376e+10
5.00	12.88	6.885022e+10	6.704330e+10
5.00	12.92	5.743776e+10	5.592925e+10
5.00	12.96	4.790539e+10	4.664572e+10
5.00	13.00	3.994382e+10	3.889276e+10
5.00	13.04	3.329947e+10	3.242250e+10
5.00	13.08	2.775379e+10	2.702234e+10
5.00	13.12	2.312824e+10	2.251832e+10
5.00	13.16	1.926993e+10	1.876140e+10
5.00	13.20	1.605310e+10	1.562928e+10
5.00	13.24	1.337135e+10	1.301810e+10
5.00	13.28	1.113617e+10	1.084187e+10
5.00	13.32	9.273671e+09	9.028475e+09
5.00	13.36	7.721749e+09	7.517523e+09
5.00	13.40	6.429032e+09	6.258932e+09
5.00	13.44	5.352173e+09	5.210521e+09
5.00	13.48	4.455403e+09	4.337454e+09
5.00	13.52	3.708584e+09	3.610376e+09
5.00	13.56	3.086770e+09	3.005013e+09
5.00	13.60	2.569055e+09	2.500991e+09
5.00	13.64	2.138050e+09	2.081397e+09
5.00	13.68	1.779270e+09	1.732113e+09
5.00	13.72	1.480615e+09	1.441369e+09
5.00	13.76	1.232051e+09	1.199387e+09
5.00	13.80	1.025170e+09	9.979882e+08
5.00	13.84	8.530049e+08	8.303851e+08
5.00	13.88	7.097274e+08	6.909046e+08
5.00	13.92	5.905020e+08	5.748401e+08
5.00	13.96	4.912932e+08	4.782612e+08
5.00	14.00	4.087425e+08	3.978995e+08
5.00	14.04	3.400551e+08	3.310332e+08
5.00	14.08	2.829030e+08	2.753969e+08
5.00	14.12	2.353525e+08	2.291075e+08
5.00	14.16	1.957901e+08	1.905946e+08
5.00	14.20	1.628763e+08	1.585540e+08
5.00	14.24	1.354937e+08	1.318979e+08
5.00	14.28	1.127134e+08	1.097220e+08
5.00	14.32	9.376192e+07	9.127337e+07
5.00	14.36	7.799609e+07	7.592595e+07
5.00	14.40	6.488077e+07	6.315867e+07
5.00	14.44	5.397035e+07	5.253780e+07
5.00	14.48	4.489433e+07	4.370265e+07
5.00	14.52	3.734427e+07	3.635297e+07
5.00	14.56	3.106375e+07	3.023915e+07
5.00	14.60	2.583929e+07	2.515336e+07
5.00	14.64	2.149342e+07	2.092285e+07
5.00	14.68	1.787841e+07	1.740380e+07
5.00	14.72	1.487134e+07	1.447654e+07
5.00	14.76	1.236994e+07	1.204154e+07
5.00	14.80	1.028921e+07	1.001605e+07
5.00	14.84	8.558491e+06	8.331276e+06
5.00	14.88	7.118891e+06	6.929894e+06
5.00	14.92	5.921424e+06	5.764216e+06
5.00	14.96	4.925359e+06	4.794593e+06
5.00	15.00	4.096831e+06	3.988061e+06
5.00	15.04	3.407664e+06	3.317190e+06
5.00	15.08	2.834424e+06	2.759170e+06
5.00	15.12	2.357618e+06	2.295023e+06
5.00	15.16	1.961019e+06	1.908953e+06
5.00	15.20	1.631128e+06	1.587820e+06
5.00	15.24	1.356725e+06	1.320703e+06
5.00	15.28	1.128485e+06	1.098523e+06
5.00	15.32	9.386435e+05	9.137217e+05
5.00	15.36	7.807381e+05	7.600087e+05
5.00	15.40	6.493960e+05	6.321538e+05
5.00	15.44	5.401485e+05	5.258068e+05
5.00	15.48	4.492788e+05	4.373498e+05
5.00	15.52	3.736957e+05	3.637735e+05
5.00	15.56	3.108282e+05	3.025752e+05
5.00	15.60	2.585372e+05	2.516727e+05
5.00	15.64	2.150434e+05	2.093337e+05
5.00	15.68	1.788668e+05	1.741176e+05
5.00	15.72	1.487759e+05	1.448257e+05
5.00	15.76	1.237469e+05	1.204612e+05
5.00	15.80	1.029284e+05	1.001954e+05
5.00	15.84	8.561214e+04	8.333895e+04
5.00	15.88	7.120911e+04	6.931837e+04
5.00	15.92	5.922937e+04	5.765674e+04
5.00	15.96	4.926517e+04	4.795711e+04
5.00	16.00	4.097717e+04	3.988915e+04
