# CMB
# CMB, blackbody photon field, temperature = 2.73 K
# format of field density is d = d(z0), d(z1), ..., d(zn) for each energy
# photon energy / eV 
1.0000e-06 1.1220e-06 1.2589e-06 1.4125e-06 1.5849e-06 1.7783e-06 1.9953e-06 2.2387e-06 2.5119e-06 2.8184e-06 3.1623e-06 3.5481e-06 3.9811e-06 4.4668e-06 5.0119e-06 5.6234e-06 6.3096e-06 7.0795e-06 7.9433e-06 8.9125e-06 1.0000e-05 1.1220e-05 1.2589e-05 1.4125e-05 1.5849e-05 1.7783e-05 1.9953e-05 2.2387e-05 2.5119e-05 2.8184e-05 3.1623e-05 3.5481e-05 3.9811e-05 4.4668e-05 5.0119e-05 5.6234e-05 6.3096e-05 7.0795e-05 7.9433e-05 8.9125e-05 1.0000e-04 1.1220e-04 1.2589e-04 1.4125e-04 1.5849e-04 1.7783e-04 1.9953e-04 2.2387e-04 2.5119e-04 2.8184e-04 3.1623e-04 3.5481e-04 3.9811e-04 4.4668e-04 5.0119e-04 5.6234e-04 6.3096e-04 7.0795e-04 7.9433e-04 8.9125e-04 1.0000e-03 1.1220e-03 1.2589e-03 1.4125e-03 1.5849e-03 1.7783e-03 1.9953e-03 2.2387e-03 2.5119e-03 2.8184e-03 3.1623e-03 3.5481e-03 3.9811e-03 4.4668e-03 5.0119e-03 5.6234e-03 6.3096e-03 7.0795e-03 7.9433e-03 8.9125e-03 1.0000e-02 1.1220e-02 1.2589e-02 1.4125e-02 1.5849e-02 1.7783e-02 1.9953e-02 2.2387e-02 2.5119e-02 2.8184e-02 3.1623e-02 3.5481e-02 3.9811e-02 4.4668e-02 5.0119e-02 5.6234e-02 6.3096e-02 7.0795e-02 7.9433e-02 8.9125e-02 1.0000e-01
# redshift 
0.0000e+00 1.0000e+01
# photon field density / 1/eVcm^3 
3.0963e-03 3.0963e-03
3.8969e-03 3.8969e-03
4.9045e-03 4.9045e-03
6.1724e-03 6.1724e-03
7.7678e-03 7.7678e-03
9.7750e-03 9.7750e-03
1.2300e-02 1.2300e-02
1.5477e-02 1.5477e-02
1.9473e-02 1.9473e-02
2.4499e-02 2.4499e-02
3.0820e-02 3.0820e-02
3.8769e-02 3.8769e-02
4.8762e-02 4.8762e-02
6.1324e-02 6.1324e-02
7.7113e-02 7.7113e-02
9.6953e-02 9.6953e-02
1.2188e-01 1.2188e-01
1.5318e-01 1.5318e-01
1.9249e-01 1.9249e-01
2.4183e-01 2.4183e-01
3.0374e-01 3.0374e-01
3.8139e-01 3.8139e-01
4.7873e-01 4.7873e-01
6.0070e-01 6.0070e-01
7.5345e-01 7.5345e-01
9.4460e-01 9.4460e-01
1.1836e+00 1.1836e+00
1.4823e+00 1.4823e+00
1.8551e+00 1.8551e+00
2.3200e+00 2.3200e+00
2.8990e+00 2.8990e+00
3.6191e+00 3.6191e+00
4.5134e+00 4.5134e+00
5.6219e+00 5.6219e+00
6.9934e+00 6.9934e+00
8.6862e+00 8.6862e+00
1.0770e+01 1.0770e+01
1.3329e+01 1.3329e+01
1.6459e+01 1.6459e+01
2.0273e+01 2.0273e+01
2.4901e+01 2.4901e+01
3.0486e+01 3.0486e+01
3.7189e+01 3.7189e+01
4.5175e+01 4.5175e+01
5.4616e+01 5.4616e+01
6.5669e+01 6.5669e+01
7.8468e+01 7.8468e+01
9.3089e+01 9.3089e+01
1.0953e+02 1.0953e+02
1.2765e+02 1.2765e+02
1.4714e+02 1.4714e+02
1.6746e+02 1.6746e+02
1.8782e+02 1.8782e+02
2.0710e+02 2.0710e+02
2.2389e+02 2.2389e+02
2.3657e+02 2.3657e+02
2.4343e+02 2.4343e+02
2.4292e+02 2.4292e+02
2.3396e+02 2.3396e+02
2.1632e+02 2.1632e+02
1.9084e+02 1.9084e+02
1.5956e+02 1.5956e+02
1.2548e+02 1.2548e+02
9.2060e+01 9.2060e+01
6.2430e+01 6.2430e+01
3.8741e+01 3.8741e+01
2.1754e+01 2.1754e+01
1.0918e+01 1.0918e+01
4.8297e+00 4.8297e+00
1.8544e+00 1.8544e+00
6.0740e-01 6.0740e-01
1.6645e-01 1.6645e-01
3.7343e-02 3.7343e-02
6.6932e-03 6.6932e-03
9.3250e-04 9.3250e-04
9.7931e-05 9.7931e-05
7.4897e-06 7.4897e-06
4.0131e-07 4.0131e-07
1.4424e-08 1.4424e-08
3.3127e-10 3.3127e-10
4.6024e-12 4.6024e-12
3.6381e-14 3.6381e-14
1.5274e-16 1.5274e-16
3.1529e-19 3.1529e-19
2.9344e-22 2.9344e-22
1.1173e-25 1.1173e-25
1.5605e-29 1.5605e-29
7.0748e-34 7.0748e-34
9.0753e-39 9.0753e-39
2.8236e-44 2.8236e-44
1.7926e-50 1.7926e-50
1.9128e-57 1.9128e-57
2.7598e-65 2.7598e-65
4.2175e-74 4.2175e-74
5.1908e-84 5.1908e-84
3.7838e-95 3.7838e-95
1.1571e-107 1.1571e-107
1.0081e-121 1.0081e-121
1.6208e-137 1.6208e-137
2.9550e-155 2.9550e-155
3.5366e-175 3.5366e-175
