# cosmic infrared and optical background radiation model of Stecker at al. 2005
# energy / eV:
3.288516e-03 4.645153e-03 6.561453e-03 9.268298e-03 1.309182e-02 1.849269e-02 2.612161e-02 3.689776e-02 5.211947e-02 7.362071e-02 1.039920e-01 1.468926e-01 2.074914e-01 2.930893e-01 4.139997e-01 5.847901e-01 8.260379e-01 1.166810e+00 1.648162e+00 2.328091e+00 3.288516e+00 4.645153e+00 6.561453e+00 9.268298e+00 1.309182e+01
# redshift:
0.00 0.20 0.40 0.60 0.80 1.00 1.20 1.40 1.60 1.80 2.00 2.20 2.40 2.60 2.80 3.00 3.20 3.40 3.60 3.80 4.00 4.20 4.40 4.60 4.80 5.00
# photon field density / 1/eVcm^3:
1.844782e+02 2.245391e+02 2.533174e+02 2.715951e+02 2.791759e+02 2.772994e+02 2.693482e+02 2.558073e+02 2.370697e+02 2.145374e+02 1.951282e+02 1.772479e+02 1.611120e+02 1.464293e+02 1.329726e+02 1.205594e+02 1.090443e+02 9.830667e+01 8.824762e+01 7.878581e+01 6.985186e+01 6.138751e+01 5.300099e+01 4.567547e+01 3.802358e+01 3.133012e+01
1.457699e+02 2.027076e+02 2.514577e+02 2.892604e+02 3.168218e+02 3.356024e+02 3.467624e+02 3.503580e+02 3.464751e+02 3.372283e+02 3.257827e+02 3.108236e+02 2.928957e+02 2.720464e+02 2.483122e+02 2.243288e+02 2.022190e+02 1.817272e+02 1.626421e+02 1.447891e+02 1.280227e+02 1.122181e+02 9.663935e+01 8.309426e+01 6.901127e+01 5.674544e+01
8.532612e+01 1.376480e+02 1.924266e+02 2.426370e+02 2.845437e+02 3.170414e+02 3.410028e+02 3.571684e+02 3.667440e+02 3.725384e+02 3.755554e+02 3.749980e+02 3.708592e+02 3.628908e+02 3.512497e+02 3.373906e+02 3.214882e+02 3.035736e+02 2.836658e+02 2.617839e+02 2.379392e+02 2.121407e+02 1.832500e+02 1.572382e+02 1.303086e+02 1.069446e+02
3.710155e+01 6.654984e+01 1.024578e+02 1.403205e+02 1.749871e+02 2.039154e+02 2.274825e+02 2.445158e+02 2.548062e+02 2.626002e+02 2.688494e+02 2.732486e+02 2.759841e+02 2.770422e+02 2.763414e+02 2.737833e+02 2.692558e+02 2.626358e+02 2.537891e+02 2.425794e+02 2.288548e+02 2.124628e+02 1.932182e+02 1.744090e+02 1.523944e+02 1.310944e+02
1.304290e+01 2.463582e+01 3.992528e+01 5.729781e+01 7.395440e+01 8.844983e+01 1.009427e+02 1.102108e+02 1.155556e+02 1.197209e+02 1.233218e+02 1.262813e+02 1.285908e+02 1.302045e+02 1.310663e+02 1.311052e+02 1.302414e+02 1.283849e+02 1.255307e+02 1.217368e+02 1.169478e+02 1.111043e+02 1.037760e+02 9.600371e+01 8.613388e+01 7.590773e+01
4.270611e+00 8.034873e+00 1.321277e+01 1.932560e+01 2.533606e+01 3.066860e+01 3.535379e+01 3.882791e+01 4.078608e+01 4.233036e+01 4.368969e+01 4.484396e+01 4.579447e+01 4.652892e+01 4.703260e+01 4.728626e+01 4.726743e+01 4.695026e+01 4.630597e+01 4.530332e+01 4.390692e+01 4.207993e+01 3.965373e+01 3.696954e+01 3.341927e+01 2.961454e+01
1.560379e+00 2.707634e+00 4.254034e+00 6.075751e+00 7.867668e+00 9.446502e+00 1.083218e+01 1.185488e+01 1.239724e+01 1.280416e+01 1.316128e+01 1.346328e+01 1.371605e+01 1.392166e+01 1.407628e+01 1.415888e+01 1.416136e+01 1.407609e+01 1.389473e+01 1.360805e+01 1.320578e+01 1.267716e+01 1.197267e+01 1.119237e+01 1.015809e+01 9.049009e+00
7.273275e-01 1.154038e+00 1.674596e+00 2.251490e+00 2.799162e+00 3.272548e+00 3.681569e+00 3.976463e+00 4.122816e+00 4.221589e+00 4.300263e+00 4.354758e+00 4.387428e+00 4.398697e+00 4.388721e+00 4.357536e+00 4.305127e+00 4.231292e+00 4.135824e+00 4.018398e+00 3.878734e+00 3.716430e+00 3.509894e+00 3.281142e+00 2.977940e+00 2.652834e+00
3.933236e-01 6.125337e-01 8.649281e-01 1.127068e+00 1.365526e+00 1.564552e+00 1.727428e+00 1.841111e+00 1.899634e+00 1.937729e+00 1.965418e+00 1.980177e+00 1.983047e+00 1.974122e+00 1.953961e+00 1.922640e+00 1.880053e+00 1.826123e+00 1.760638e+00 1.683488e+00 1.594447e+00 1.493276e+00 1.374169e+00 1.253805e+00 1.108154e+00 9.632078e-01
2.165808e-01 3.371631e-01 4.762116e-01 6.203546e-01 7.507581e-01 8.592311e-01 9.479600e-01 1.010206e+00 1.043110e+00 1.065148e+00 1.081583e+00 1.091139e+00 1.094359e+00 1.091290e+00 1.081857e+00 1.066031e+00 1.043686e+00 1.014682e+00 9.789038e-01 9.362245e-01 8.864617e-01 8.298699e-01 7.633259e-01 6.961775e-01 6.150352e-01 5.343675e-01
1.196823e-01 1.836750e-01 2.576677e-01 3.342489e-01 4.034967e-01 4.612326e-01 5.088151e-01 5.423380e-01 5.602347e-01 5.723610e-01 5.815138e-01 5.870161e-01 5.891692e-01 5.879901e-01 5.834585e-01 5.755459e-01 5.641830e-01 5.493385e-01 5.309211e-01 5.088620e-01 4.830699e-01 4.534715e-01 4.182828e-01 3.824723e-01 3.388208e-01 2.951141e-01
6.894138e-02 1.030386e-01 1.414816e-01 1.808589e-01 2.163067e-01 2.456745e-01 2.695939e-01 2.862991e-01 2.950869e-01 3.010995e-01 3.058440e-01 3.087166e-01 3.098347e-01 3.092004e-01 3.068033e-01 3.026286e-01 2.966402e-01 2.888152e-01 2.791194e-01 2.675100e-01 2.539393e-01 2.383636e-01 2.198619e-01 2.010250e-01 1.780738e-01 1.550958e-01
4.232237e-02 6.138044e-02 8.238915e-02 1.034880e-01 1.219383e-01 1.366218e-01 1.483201e-01 1.562608e-01 1.601143e-01 1.624538e-01 1.640552e-01 1.646948e-01 1.645167e-01 1.635460e-01 1.618229e-01 1.593566e-01 1.561529e-01 1.520267e-01 1.469163e-01 1.407959e-01 1.336472e-01 1.254440e-01 1.156991e-01 1.057840e-01 9.370009e-02 8.160561e-02
2.694263e-02 3.900497e-02 5.156559e-02 6.375144e-02 7.427626e-02 8.266659e-02 8.923393e-02 9.348028e-02 9.518752e-02 9.568856e-02 9.575909e-02 9.529936e-02 9.441696e-02 9.314081e-02 9.147028e-02 8.933055e-02 8.672214e-02 8.365271e-02 8.012721e-02 7.615352e-02 7.173482e-02 6.687442e-02 6.131546e-02 5.583673e-02 4.936396e-02 4.298926e-02
1.643652e-02 2.458046e-02 3.334034e-02 4.170326e-02 4.878654e-02 5.437384e-02 5.875705e-02 6.171916e-02 6.321789e-02 6.407963e-02 6.458773e-02 6.458475e-02 6.409439e-02 6.310445e-02 6.160274e-02 5.965406e-02 5.744206e-02 5.498573e-02 5.229378e-02 4.937647e-02 4.623917e-02 4.289138e-02 3.911380e-02 3.539158e-02 3.100131e-02 2.672576e-02
1.025109e-02 1.545681e-02 2.129266e-02 2.716439e-02 3.234149e-02 3.553776e-02 3.884812e-02 4.114623e-02 4.247173e-02 4.339603e-02 4.410421e-02 4.429350e-02 4.422624e-02 4.390460e-02 4.332315e-02 4.244143e-02 4.124962e-02 3.973745e-02 3.789571e-02 3.571248e-02 3.323763e-02 3.059567e-02 2.766432e-02 2.484334e-02 2.159285e-02 1.849269e-02
6.599636e-03 1.014192e-02 1.423902e-02 1.851399e-02 2.246519e-02 2.323753e-02 2.580893e-02 2.777346e-02 2.912728e-02 3.023779e-02 3.122339e-02 3.135740e-02 3.130978e-02 3.108207e-02 3.067044e-02 3.004623e-02 2.920250e-02 2.813196e-02 2.682811e-02 2.528250e-02 2.353044e-02 2.166008e-02 1.958484e-02 1.758774e-02 1.528657e-02 1.309182e-02
3.791142e-03 6.074632e-03 8.892625e-03 1.205591e-02 1.525317e-02 1.519463e-02 1.714628e-02 1.874692e-02 1.997561e-02 2.106929e-02 2.210446e-02 2.219934e-02 2.216563e-02 2.200442e-02 2.171301e-02 2.127110e-02 2.067379e-02 1.991590e-02 1.899284e-02 1.789864e-02 1.665827e-02 1.533416e-02 1.386500e-02 1.245117e-02 1.082206e-02 9.268298e-03
1.943211e-03 3.321391e-03 5.186567e-03 7.500669e-03 1.012302e-02 9.935506e-03 1.139121e-02 1.265406e-02 1.369935e-02 1.468081e-02 1.564876e-02 1.571593e-02 1.569206e-02 1.557794e-02 1.537163e-02 1.505879e-02 1.463592e-02 1.409938e-02 1.344590e-02 1.267127e-02 1.179315e-02 1.085575e-02 9.815671e-03 8.814750e-03 7.661433e-03 6.561453e-03
8.887508e-04 1.657754e-03 2.825075e-03 4.458513e-03 6.566894e-03 6.496658e-03 7.567806e-03 8.541418e-03 9.395070e-03 1.022940e-02 1.107848e-02 1.112602e-02 1.110913e-02 1.102834e-02 1.088228e-02 1.066081e-02 1.036144e-02 9.981596e-03 9.518971e-03 8.970569e-03 8.348914e-03 7.685285e-03 6.948963e-03 6.240365e-03 5.423879e-03 4.645153e-03
3.626770e-04 7.553009e-04 1.437077e-03 2.532153e-03 4.163993e-03 4.248054e-03 5.027707e-03 5.765407e-03 6.443176e-03 7.127710e-03 7.842960e-03 7.876622e-03 7.864661e-03 7.807464e-03 7.704066e-03 7.547272e-03 7.335336e-03 7.066429e-03 6.738915e-03 6.350677e-03 5.910579e-03 5.440765e-03 4.919489e-03 4.417840e-03 3.839812e-03 3.288516e-03
1.320596e-04 3.141377e-04 6.827002e-04 1.374010e-03 2.580834e-03 2.777730e-03 3.340181e-03 3.891616e-03 4.418756e-03 4.966495e-03 5.552390e-03 5.576221e-03 5.567754e-03 5.527261e-03 5.454061e-03 5.343059e-03 5.193020e-03 5.002649e-03 4.770787e-03 4.495935e-03 4.184369e-03 3.851767e-03 3.482732e-03 3.127591e-03 2.718379e-03 2.328091e-03
4.290619e-05 1.192669e-04 3.028866e-04 7.123444e-04 1.563544e-03 1.816310e-03 2.219065e-03 2.626818e-03 3.030400e-03 3.460589e-03 3.930791e-03 3.947662e-03 3.941668e-03 3.913001e-03 3.861180e-03 3.782596e-03 3.676377e-03 3.541604e-03 3.377458e-03 3.182878e-03 2.962307e-03 2.726842e-03 2.465585e-03 2.214165e-03 1.924465e-03 1.648162e-03
1.243856e-05 4.133520e-05 1.254960e-04 3.528499e-04 9.258913e-04 1.187654e-03 1.474246e-03 1.773087e-03 2.078261e-03 2.411293e-03 2.782787e-03 2.794731e-03 2.790487e-03 2.770193e-03 2.733506e-03 2.677873e-03 2.602675e-03 2.507264e-03 2.391057e-03 2.253305e-03 2.097152e-03 1.930456e-03 1.745501e-03 1.567509e-03 1.362417e-03 1.166810e-03
3.217585e-06 1.307736e-05 4.856015e-05 1.669937e-04 5.359324e-04 7.765868e-04 9.794223e-04 1.196823e-03 1.425279e-03 1.680158e-03 1.970062e-03 1.978518e-03 1.975513e-03 1.961146e-03 1.935174e-03 1.895789e-03 1.842553e-03 1.775007e-03 1.692739e-03 1.595218e-03 1.484670e-03 1.366658e-03 1.235720e-03 1.109711e-03 9.645173e-04 8.260379e-04
