# EBL intensities for the paper >Extragalactic background light inferred from AEGIS galaxy-SED-type fractions<, A. Dominguez et al., 2011, MNRAS, 410, 2556
# energy / eV:
1.239842e-03 1.495928e-03 1.804909e-03 2.177708e-03 2.627509e-03 3.170215e-03 3.825015e-03 4.615062e-03 5.568292e-03 6.718410e-03 8.106081e-03 9.780373e-03 1.180049e-02 1.423785e-02 1.717864e-02 2.072685e-02 2.500793e-02 3.017326e-02 3.640548e-02 4.392494e-02 5.299752e-02 6.394402e-02 7.715153e-02 9.308696e-02 1.123139e-01 1.355121e-01 1.635018e-01 1.972725e-01 2.380187e-01 2.871813e-01 3.464978e-01 4.180661e-01 5.044171e-01 6.086010e-01 7.343078e-01 8.859748e-01 1.068977e+00 1.289769e+00 1.556163e+00 1.877581e+00 2.265379e+00 2.733338e+00 3.297891e+00 3.979081e+00 4.800937e+00 5.792571e+00 6.988963e+00 8.432578e+00 1.017431e+01 1.227566e+01
# redshift:
0.00 0.01 0.03 0.05 0.10 0.20 0.30 0.40 0.50 0.60 0.80 1.00 1.25 1.50 2.00 2.50 3.00 3.90
# photon field density / 1/eVcm^3:
7.112914e+01 6.931822e+01 6.587911e+01 6.266253e+01 5.550799e+01 4.420071e+01 3.578702e+01 2.934218e+01 2.426182e+01 2.018734e+01 1.412652e+01 9.918098e+00 6.450942e+00 4.234734e+00 1.831755e+00 7.681228e-01 2.936370e-01 1.143709e-02
9.538295e+01 9.294817e+01 8.832498e+01 8.400159e+01 7.438771e+01 5.920129e+01 4.790864e+01 3.926503e+01 3.245757e+01 2.700279e+01 1.889606e+01 1.326452e+01 8.625963e+00 5.662011e+00 2.449062e+00 1.027056e+00 3.926355e-01 1.530371e-02
1.269208e+02 1.238339e+02 1.179233e+02 1.123376e+02 9.972932e+01 7.940134e+01 6.422354e+01 5.261503e+01 4.348096e+01 3.616845e+01 2.531076e+01 1.776452e+01 1.155026e+01 7.580814e+00 3.278959e+00 1.375192e+00 5.257799e-01 2.049505e-02
1.625084e+02 1.589545e+02 1.520902e+02 1.455426e+02 1.305341e+02 1.055840e+02 8.604201e+01 7.060183e+01 5.832900e+01 4.851265e+01 3.395072e+01 2.382464e+01 1.548769e+01 1.016420e+01 4.396302e+00 1.843962e+00 7.050728e-01 2.747868e-02
1.968844e+02 1.931948e+02 1.860318e+02 1.791026e+02 1.629067e+02 1.349539e+02 1.120997e+02 9.338324e+01 7.790920e+01 6.509320e+01 4.560513e+01 3.199785e+01 2.079715e+01 1.364752e+01 5.902914e+00 2.476123e+00 9.468857e-01 3.690666e-02
2.225390e+02 2.192470e+02 2.127391e+02 2.063343e+02 1.909759e+02 1.630474e+02 1.389146e+02 1.182045e+02 1.003938e+02 8.514211e+01 6.093232e+01 4.303148e+01 2.796744e+01 1.835131e+01 7.937450e+00 3.329904e+00 1.273528e+00 4.964493e-02
2.317801e+02 2.294020e+02 2.245588e+02 2.196515e+02 2.074236e+02 1.835398e+02 1.612808e+02 1.409129e+02 1.224139e+02 1.058834e+02 7.826003e+01 5.663978e+01 3.751439e+01 2.471281e+01 1.068908e+01 4.484764e+00 1.715415e+00 6.687635e-02
2.192726e+02 2.181235e+02 2.157221e+02 2.131134e+02 2.060032e+02 1.899908e+02 1.729791e+02 1.558380e+02 1.390619e+02 1.231560e+02 9.462781e+01 7.058790e+01 4.826422e+01 3.266895e+01 1.441624e+01 6.049265e+00 2.314133e+00 9.022630e-02
1.878723e+02 1.877728e+02 1.873965e+02 1.868097e+02 1.846855e+02 1.780073e+02 1.688280e+02 1.575941e+02 1.449455e+02 1.317690e+02 1.057698e+02 8.154992e+01 5.775403e+01 4.035211e+01 1.887714e+01 8.167102e+00 3.126591e+00 1.219159e-01
1.462496e+02 1.468161e+02 1.477839e+02 1.485533e+02 1.498531e+02 1.501541e+02 1.477717e+02 1.429786e+02 1.358943e+02 1.272280e+02 1.069871e+02 8.511922e+01 6.239109e+01 4.496880e+01 2.228579e+01 1.026009e+01 4.170228e+00 1.649909e-01
1.028302e+02 1.036125e+02 1.050554e+02 1.063891e+02 1.093414e+02 1.136153e+02 1.156960e+02 1.154042e+02 1.126395e+02 1.080415e+02 9.481452e+01 7.730175e+01 5.806417e+01 4.281503e+01 2.211613e+01 1.057939e+01 4.504942e+00 2.074637e-01
6.636600e+01 6.708095e+01 6.842676e+01 6.970660e+01 7.266950e+01 7.769751e+01 8.160138e+01 8.394713e+01 8.422736e+01 8.275754e+01 7.543017e+01 6.267293e+01 4.793778e+01 3.593186e+01 1.912770e+01 9.410043e+00 4.095645e+00 1.953505e-01
3.958879e+01 4.013582e+01 4.118467e+01 4.219953e+01 4.462786e+01 4.904973e+01 5.287774e+01 5.574090e+01 5.729939e+01 5.773215e+01 5.500879e+01 4.652860e+01 3.615414e+01 2.749380e+01 1.502499e+01 7.589220e+00 3.408080e+00 1.704949e-01
2.195368e+01 2.232046e+01 2.303492e+01 2.374100e+01 2.546887e+01 2.878424e+01 3.186811e+01 3.444701e+01 3.624177e+01 3.730537e+01 3.688971e+01 3.165335e+01 2.487633e+01 1.911276e+01 1.064291e+01 5.466615e+00 2.498548e+00 1.321389e-01
1.137060e+01 1.160347e+01 1.204896e+01 1.250253e+01 1.361336e+01 1.581061e+01 1.797755e+01 1.993854e+01 2.149514e+01 2.264637e+01 2.330115e+01 2.026301e+01 1.608558e+01 1.246937e+01 7.053174e+00 3.679438e+00 1.706317e+00 9.268880e-02
5.475180e+00 5.611105e+00 5.870215e+00 6.135552e+00 6.807203e+00 8.180114e+00 9.575269e+00 1.089030e+01 1.202760e+01 1.297532e+01 1.391511e+01 1.227034e+01 9.841616e+00 7.693736e+00 4.413724e+00 2.331185e+00 1.097215e+00 6.164073e-02
2.442785e+00 2.508802e+00 2.641125e+00 2.784428e+00 3.150845e+00 3.941114e+00 4.775274e+00 5.608860e+00 6.364790e+00 7.033667e+00 7.845846e+00 7.010880e+00 5.680700e+00 4.483815e+00 2.610764e+00 1.393981e+00 6.615235e-01 3.786887e-02
1.123352e+00 1.144191e+00 1.194161e+00 1.242813e+00 1.390100e+00 1.750212e+00 2.186639e+00 2.662159e+00 3.120305e+00 3.553238e+00 4.150428e+00 3.760438e+00 3.083363e+00 2.460302e+00 1.464016e+00 7.974377e-01 3.838699e-01 2.247229e-02
5.961230e-01 6.046924e-01 6.222566e-01 6.394678e-01 6.860957e-01 8.009171e-01 9.556848e-01 1.154007e+00 1.374137e+00 1.609946e+00 1.982028e+00 1.817236e+00 1.502696e+00 1.209509e+00 7.346269e-01 4.102882e-01 2.043721e-01 1.231506e-02
3.455086e-01 3.504406e-01 3.598237e-01 3.664790e-01 3.847158e-01 4.278323e-01 4.778738e-01 5.312072e-01 5.952459e-01 6.725199e-01 8.249403e-01 7.585379e-01 6.245441e-01 5.016232e-01 3.048477e-01 1.725083e-01 8.748363e-02 6.017151e-03
2.141929e-01 2.171199e-01 2.200133e-01 2.234765e-01 2.317565e-01 2.501747e-01 2.714686e-01 2.902393e-01 3.075490e-01 3.214187e-01 3.468338e-01 3.090303e-01 2.504405e-01 1.981227e-01 1.163946e-01 6.384145e-02 3.227089e-02 2.144899e-03
1.414734e-01 1.444954e-01 1.419207e-01 1.424427e-01 1.453379e-01 1.503300e-01 1.570909e-01 1.644691e-01 1.682027e-01 1.690167e-01 1.627211e-01 1.383592e-01 1.086253e-01 8.453968e-02 4.825708e-02 2.496310e-02 1.154948e-02 6.808911e-04
1.113806e-01 1.107623e-01 1.107848e-01 1.099027e-01 1.082025e-01 1.044705e-01 1.054983e-01 1.050597e-01 1.062026e-01 1.065494e-01 1.024953e-01 8.640465e-02 6.741401e-02 5.066920e-02 2.921780e-02 1.592642e-02 7.356821e-03 3.821856e-04
8.325353e-02 8.346521e-02 8.579692e-02 8.599720e-02 8.649326e-02 8.430589e-02 8.119150e-02 7.779165e-02 7.500981e-02 7.175541e-02 6.639147e-02 5.491615e-02 4.187592e-02 3.118248e-02 1.605530e-02 8.505300e-03 4.448022e-03 2.460609e-04
5.305261e-02 5.159722e-02 5.505827e-02 5.578196e-02 5.538518e-02 6.254808e-02 6.349310e-02 6.108153e-02 5.812234e-02 5.332934e-02 4.501185e-02 3.641173e-02 2.691158e-02 1.931912e-02 9.260364e-03 3.661852e-03 1.044069e-03 7.313184e-05
3.420797e-02 3.459090e-02 3.606479e-02 3.560549e-02 3.873880e-02 3.915687e-02 4.574811e-02 4.726554e-02 4.945916e-02 4.852997e-02 4.409153e-02 3.720088e-02 2.909215e-02 2.242192e-02 1.244896e-02 6.237148e-03 2.906803e-03 3.750660e-05
2.128760e-02 2.151575e-02 2.128278e-02 2.113073e-02 2.102218e-02 2.124414e-02 2.146354e-02 2.297859e-02 2.429400e-02 2.409876e-02 2.233135e-02 1.986757e-02 1.559058e-02 1.219361e-02 7.044516e-03 3.849486e-03 1.936917e-03 2.206478e-04
1.654299e-02 1.671160e-02 1.607929e-02 1.612985e-02 1.512372e-02 1.438289e-02 1.410991e-02 1.388059e-02 1.352536e-02 1.308401e-02 1.171947e-02 1.036877e-02 8.066113e-03 6.285656e-03 3.578521e-03 1.966925e-03 1.002607e-03 1.314435e-04
1.496366e-02 1.484270e-02 1.481117e-02 1.422612e-02 1.357380e-02 1.238195e-02 1.123703e-02 1.018603e-02 9.405123e-03 8.587161e-03 7.168405e-03 5.691260e-03 4.178334e-03 3.058641e-03 1.580264e-03 7.627097e-04 3.378706e-04 1.849889e-05
1.410085e-02 1.404568e-02 1.385205e-02 1.354641e-02 1.283047e-02 1.167467e-02 1.064659e-02 9.656689e-03 8.662001e-03 7.708679e-03 6.281927e-03 4.916703e-03 3.557299e-03 2.560883e-03 1.296806e-03 6.222334e-04 2.604326e-04 1.269754e-05
1.294164e-02 1.288204e-02 1.260764e-02 1.241950e-02 1.185325e-02 1.080916e-02 9.955949e-03 8.923322e-03 7.982008e-03 7.338108e-03 5.838139e-03 4.541430e-03 3.296737e-03 2.368098e-03 1.175136e-03 5.590229e-04 2.453975e-04 1.082905e-05
1.133017e-02 1.125787e-02 1.109991e-02 1.093702e-02 1.053163e-02 9.706409e-03 8.846197e-03 8.036722e-03 7.285708e-03 6.564643e-03 5.274056e-03 4.146082e-03 3.012870e-03 2.160591e-03 1.054068e-03 4.813287e-04 1.955294e-04 9.360629e-06
9.639247e-03 9.590457e-03 9.510133e-03 9.413681e-03 9.110352e-03 8.518590e-03 7.875875e-03 7.250012e-03 6.594903e-03 5.995199e-03 4.886958e-03 3.917799e-03 2.927181e-03 2.140685e-03 1.094569e-03 5.127135e-04 2.128723e-04 8.530784e-06
7.567059e-03 7.546670e-03 7.492944e-03 7.437451e-03 7.262989e-03 6.881705e-03 6.433282e-03 5.950035e-03 5.479428e-03 5.009351e-03 4.134914e-03 3.368618e-03 2.561186e-03 1.910117e-03 1.011116e-03 4.980719e-04 2.163846e-04 9.885573e-06
5.519102e-03 5.500924e-03 5.497564e-03 5.457831e-03 5.374564e-03 5.124259e-03 4.804958e-03 4.483384e-03 4.145541e-03 3.800820e-03 3.159265e-03 2.595485e-03 1.993429e-03 1.505342e-03 8.113724e-04 4.066808e-04 1.832096e-04 9.736304e-06
3.823216e-03 3.829691e-03 3.823476e-03 3.807748e-03 3.755508e-03 3.598549e-03 3.396409e-03 3.170695e-03 2.941100e-03 2.705100e-03 2.255578e-03 1.862113e-03 1.437648e-03 1.088225e-03 5.918201e-04 2.975621e-04 1.327155e-04 6.780367e-06
2.565480e-03 2.561769e-03 2.568683e-03 2.569052e-03 2.537389e-03 2.455976e-03 2.330663e-03 2.188759e-03 2.038998e-03 1.881225e-03 1.575187e-03 1.309865e-03 1.018822e-03 7.765048e-04 4.270886e-04 2.187738e-04 9.993073e-05 5.166986e-06
1.613215e-03 1.619337e-03 1.620240e-03 1.623842e-03 1.614260e-03 1.566379e-03 1.506882e-03 1.422501e-03 1.330447e-03 1.224646e-03 1.034743e-03 8.651454e-04 6.728553e-04 5.131235e-04 2.828692e-04 1.450682e-04 6.685535e-05 3.731639e-06
9.727649e-04 9.721711e-04 9.807085e-04 9.796601e-04 9.837345e-04 9.726092e-04 9.393020e-04 8.954273e-04 8.369099e-04 7.819334e-04 6.641209e-04 5.557034e-04 4.349787e-04 3.332368e-04 1.836656e-04 9.397229e-05 4.284903e-05 2.270614e-06
5.482942e-04 5.570330e-04 5.691441e-04 5.742785e-04 5.749276e-04 5.745270e-04 5.656091e-04 5.438726e-04 5.167192e-04 4.866762e-04 4.176793e-04 3.520367e-04 2.784149e-04 2.142203e-04 1.207566e-04 6.238600e-05 2.881703e-05 1.579606e-06
2.974687e-04 2.981080e-04 2.983036e-04 3.008167e-04 3.087358e-04 3.084649e-04 3.091015e-04 3.002915e-04 2.917388e-04 2.767458e-04 2.398076e-04 2.042442e-04 1.608234e-04 1.257571e-04 7.175045e-05 3.823398e-05 1.798484e-05 9.993187e-07
1.498988e-04 1.509652e-04 1.491503e-04 1.505035e-04 1.499679e-04 1.552847e-04 1.511405e-04 1.499254e-04 1.463159e-04 1.412259e-04 1.242743e-04 1.049035e-04 8.366004e-05 6.463149e-05 3.688147e-05 1.970934e-05 9.690578e-06 6.251005e-07
7.722360e-05 7.772881e-05 7.797657e-05 7.865548e-05 7.899312e-05 7.856860e-05 7.791149e-05 7.629919e-05 7.367004e-05 6.987873e-05 6.105869e-05 5.047958e-05 3.865855e-05 2.904418e-05 1.580693e-05 8.116381e-06 3.750805e-06 2.136353e-07
4.807668e-05 4.817135e-05 4.848805e-05 4.817322e-05 4.979672e-05 4.952555e-05 4.833533e-05 4.781474e-05 4.615445e-05 4.412285e-05 3.903482e-05 3.172698e-05 2.385012e-05 1.771276e-05 9.373264e-06 4.685733e-06 2.151532e-06 1.234651e-07
3.018734e-05 3.050641e-05 3.061694e-05 3.099952e-05 3.172400e-05 3.286890e-05 3.254199e-05 3.230824e-05 3.118869e-05 2.972217e-05 2.623641e-05 2.142623e-05 1.595030e-05 1.170356e-05 6.015537e-06 2.891253e-06 1.254538e-06 6.534319e-08
1.743845e-05 1.777306e-05 1.835057e-05 1.847819e-05 1.940742e-05 2.076369e-05 2.169093e-05 2.186799e-05 2.168549e-05 2.111783e-05 1.898443e-05 1.571438e-05 1.193474e-05 8.870961e-06 4.610371e-06 2.224048e-06 9.642379e-07 4.654432e-08
8.599209e-06 8.584535e-06 8.892162e-06 9.218990e-06 9.911226e-06 1.128930e-05 1.247733e-05 1.312905e-05 1.333201e-05 1.334717e-05 1.255514e-05 1.055647e-05 8.236371e-06 6.256326e-06 3.404044e-06 1.684476e-06 7.358305e-07 3.722529e-08
3.699738e-06 3.709416e-06 3.878248e-06 4.143901e-06 4.141080e-06 4.570424e-06 5.387135e-06 5.825227e-06 6.572868e-06 6.988257e-06 6.984457e-06 6.067065e-06 4.860693e-06 3.786634e-06 2.166143e-06 1.160072e-06 5.346549e-07 2.789857e-08
1.089031e-06 1.088611e-06 1.071557e-06 1.057238e-06 1.108582e-06 1.266789e-06 1.540837e-06 1.708642e-06 1.814020e-06 1.932474e-06 2.336739e-06 2.263891e-06 1.816696e-06 1.440948e-06 8.610815e-07 4.842083e-07 2.583905e-07 1.517482e-08
6.811896e-08 7.151975e-08 7.303177e-08 7.356876e-08 7.334844e-08 7.158051e-08 6.790629e-08 7.023378e-08 7.088293e-08 6.387128e-08 5.325330e-08 4.311258e-08 3.023655e-08 2.068995e-08 7.316684e-09 5.257602e-09 3.540197e-09 1.147947e-09
