# These tables contain the data for the background flux and associated optical depths of gamma rays for the WMAP5+Fixed ('fixed') and Evolving Dust ('fiducial') models presented in Gilmore, Somerville, Primack, and Dominguez (2012), ArXiv:1104.0671v2
# energy / eV:
1.239842e-04 1.653356e-04 2.479513e-04 3.100033e-04 4.133961e-04 6.199638e-04 8.267351e-04 9.536002e-04 1.003151e-03 1.057709e-03 1.117806e-03 1.184040e-03 1.262892e-03 1.350101e-03 1.449994e-03 1.564467e-03 1.703595e-03 1.863659e-03 2.395335e-03 3.078693e-03 3.947902e-03 5.062515e-03 6.491818e-03 8.382361e-03 1.069957e-02 1.378372e-02 1.767528e-02 2.271780e-02 2.919889e-02 3.744263e-02 4.133961e-02 4.801383e-02 5.641133e-02 6.199638e-02 8.447427e-02 1.073613e-01 1.112611e-01 1.189395e-01 1.305449e-01 1.464267e-01 1.630928e-01 1.879707e-01 2.063676e-01 2.307834e-01 2.646886e-01 3.329403e-01 3.446405e-01 3.542961e-01 3.701403e-01 3.752894e-01 3.813874e-01 3.831478e-01 3.875845e-01 4.409267e-01 4.595855e-01 5.074186e-01 5.839375e-01 5.852836e-01 6.735446e-01 7.522572e-01 7.751154e-01 8.920031e-01 9.690950e-01 1.026517e+00 1.184040e+00 1.239842e+00 1.362594e+00 1.568073e+00 1.653356e+00 1.804539e+00 2.076665e+00 2.139766e+00 2.395335e+00 2.756553e+00 3.172242e+00 3.650618e+00 4.210817e+00 4.845810e+00 5.576560e+00 6.417507e+00 7.402294e+00 8.518563e+00 9.803166e+00 1.128149e+01 1.298274e+01 1.497498e+01 1.723322e+01 1.983199e+01 2.282266e+01 2.632488e+01 3.029468e+01 3.486313e+01 4.012050e+01 4.617069e+01 5.325573e+01 6.128671e+01 7.052878e+01 8.116454e+01 9.361951e+01 1.077374e+02 1.239842e+02
# redshift:
0.00 0.01 0.03 0.04 0.05 0.20 0.40 0.50 0.60 0.80 1.00 1.25 1.50 2.00 2.50 3.00 4.00 5.00 6.00 7.00
# photon field density / 1/eVcm^3:
9.163829e+00 9.261922e+00 9.421452e+00 9.748610e+00 9.851045e+00 1.294335e+01 1.848814e+01 2.176003e+01 2.533059e+01 3.361648e+01 4.288642e+01 5.492359e+01 6.654928e+01 8.318577e+01 8.783046e+01 8.237745e+01 5.852586e+01 3.352170e+01 1.854916e+01 4.503400e-02
1.417758e+01 1.423760e+01 1.433526e+01 1.454752e+01 1.461393e+01 1.674703e+01 2.087893e+01 2.335447e+01 2.607149e+01 3.248532e+01 3.972772e+01 4.926121e+01 5.840419e+01 7.119876e+01 7.434619e+01 6.922440e+01 4.851302e+01 2.753587e+01 1.511140e+01 4.503400e-02
4.257621e+01 4.253057e+01 4.245493e+01 4.233362e+01 4.229412e+01 4.194119e+01 4.296560e+01 4.394898e+01 4.516638e+01 4.852700e+01 5.279188e+01 5.839352e+01 6.371851e+01 7.011469e+01 6.958392e+01 6.282424e+01 4.239748e+01 2.347907e+01 1.222259e+01 4.503399e-02
8.794550e+01 8.777007e+01 8.747892e+01 8.695251e+01 8.678810e+01 8.325936e+01 8.066658e+01 7.995850e+01 7.962905e+01 8.021610e+01 8.156525e+01 8.382906e+01 8.624418e+01 8.703265e+01 8.135666e+01 7.099404e+01 4.616625e+01 2.478025e+01 1.240177e+01 4.503399e-02
2.303501e+02 2.298926e+02 2.291029e+02 2.276290e+02 2.271646e+02 2.164242e+02 2.037757e+02 1.985685e+02 1.937173e+02 1.861889e+02 1.802901e+02 1.743522e+02 1.686374e+02 1.543868e+02 1.354201e+02 1.124740e+02 6.829467e+01 3.503216e+01 1.596654e+01 4.503399e-02
8.455250e+02 8.451809e+02 8.445307e+02 8.431114e+02 8.425989e+02 8.227132e+02 7.905430e+02 7.722345e+02 7.527512e+02 7.152838e+02 6.776988e+02 6.346400e+02 5.928715e+02 5.093012e+02 4.247225e+02 3.413297e+02 1.992092e+02 9.856093e+01 4.042681e+01 4.503400e-02
1.952637e+03 1.955334e+03 1.959623e+03 1.967216e+03 1.969414e+03 2.000814e+03 1.987961e+03 1.962535e+03 1.933141e+03 1.866614e+03 1.789699e+03 1.684085e+03 1.569605e+03 1.335930e+03 1.099809e+03 8.756623e+02 5.066466e+02 2.499504e+02 1.017343e+02 4.503399e-02
2.852289e+03 2.859300e+03 2.870663e+03 2.891433e+03 2.897701e+03 3.010933e+03 3.061040e+03 3.056046e+03 3.035392e+03 2.956299e+03 2.858196e+03 2.714295e+03 2.547474e+03 2.175005e+03 1.794086e+03 1.426856e+03 8.242420e+02 4.067056e+02 1.636932e+02 4.503400e-02
3.244182e+03 3.253618e+03 3.268613e+03 3.295352e+03 3.303453e+03 3.462628e+03 3.549793e+03 3.556409e+03 3.544314e+03 3.472244e+03 3.364806e+03 3.206178e+03 3.017923e+03 2.590411e+03 2.137469e+03 1.701421e+03 9.791512e+02 4.853030e+02 1.970218e+02 4.503399e-02
3.697582e+03 3.709518e+03 3.728958e+03 3.764766e+03 3.775685e+03 3.990581e+03 4.131372e+03 4.156356e+03 4.155659e+03 4.101488e+03 3.985920e+03 3.808932e+03 3.601295e+03 3.104318e+03 2.564252e+03 2.042389e+03 1.179675e+03 5.818723e+02 2.351548e+02 4.503400e-02
4.223898e+03 4.239249e+03 4.264248e+03 4.310204e+03 4.324193e+03 4.610406e+03 4.825378e+03 4.872685e+03 4.892610e+03 4.859773e+03 4.750291e+03 4.552291e+03 4.319000e+03 3.746676e+03 3.101092e+03 2.480822e+03 1.431926e+03 7.096184e+02 2.822109e+02 4.503399e-02
4.828410e+03 4.848718e+03 4.881883e+03 4.942826e+03 4.960958e+03 5.340586e+03 5.652327e+03 5.732226e+03 5.775939e+03 5.778559e+03 5.689547e+03 5.473298e+03 5.207354e+03 4.541462e+03 3.786950e+03 3.028927e+03 1.756360e+03 8.638462e+02 3.498232e+02 4.503400e-02
5.576823e+03 5.602975e+03 5.645770e+03 5.725203e+03 5.749624e+03 6.262206e+03 6.705131e+03 6.845917e+03 6.929071e+03 6.988737e+03 6.926314e+03 6.714518e+03 6.407492e+03 5.635148e+03 4.723023e+03 3.785704e+03 2.208344e+03 1.091567e+03 4.379924e+02 4.503400e-02
6.428758e+03 6.463139e+03 6.519585e+03 6.624654e+03 6.656977e+03 7.346931e+03 7.965420e+03 8.172477e+03 8.325602e+03 8.464316e+03 8.451315e+03 8.265470e+03 7.922192e+03 7.015993e+03 5.915045e+03 4.773504e+03 2.793178e+03 1.382992e+03 5.510351e+02 4.503400e-02
7.431248e+03 7.475611e+03 7.548497e+03 7.684200e+03 7.725987e+03 8.647798e+03 9.514954e+03 9.821920e+03 1.005369e+04 1.033493e+04 1.040023e+04 1.025656e+04 9.918269e+03 8.830929e+03 7.511834e+03 6.102807e+03 3.594620e+03 1.795037e+03 7.179744e+02 4.503399e-02
8.601324e+03 8.658054e+03 8.751588e+03 8.925713e+03 8.979671e+03 1.020168e+04 1.141900e+04 1.185902e+04 1.221376e+04 1.269053e+04 1.288618e+04 1.282704e+04 1.250049e+04 1.124448e+04 9.632412e+03 7.866843e+03 4.673021e+03 2.350197e+03 9.411473e+02 4.503400e-02
1.004322e+04 1.011552e+04 1.023435e+04 1.045848e+04 1.052826e+04 1.214938e+04 1.386269e+04 1.452455e+04 1.505290e+04 1.582196e+04 1.625578e+04 1.634335e+04 1.607361e+04 1.468099e+04 1.264050e+04 1.043415e+04 6.277785e+03 3.184318e+03 1.289907e+03 4.503399e-02
1.170769e+04 1.179954e+04 1.195138e+04 1.223833e+04 1.232779e+04 1.444052e+04 1.680367e+04 1.776452e+04 1.856871e+04 1.977009e+04 2.051883e+04 2.091059e+04 2.075493e+04 1.927378e+04 1.674774e+04 1.389386e+04 8.513052e+03 4.324335e+03 1.767356e+03 4.503400e-02
1.688333e+04 1.705390e+04 1.733626e+04 1.787343e+04 1.804141e+04 2.211803e+04 2.700991e+04 2.920420e+04 3.121425e+04 3.463669e+04 3.720034e+04 3.919323e+04 4.007369e+04 3.896666e+04 3.513677e+04 2.987619e+04 1.885887e+04 9.969325e+03 4.200877e+03 4.503400e-02
2.210354e+04 2.237324e+04 2.282155e+04 2.368236e+04 2.395260e+04 3.077606e+04 3.972944e+04 4.393066e+04 4.786027e+04 5.497012e+04 6.101967e+04 6.680097e+04 7.053774e+04 7.187738e+04 6.734291e+04 5.898087e+04 3.909567e+04 2.126718e+04 9.258747e+03 4.503399e-02
2.605621e+04 2.643393e+04 2.706271e+04 2.828328e+04 2.866730e+04 3.870316e+04 5.261197e+04 5.950730e+04 6.623435e+04 7.909350e+04 9.048892e+04 1.021097e+05 1.108995e+05 1.189188e+05 1.153778e+05 1.040167e+05 7.213747e+04 4.115763e+04 1.871184e+04 4.503400e-02
2.732241e+04 2.778180e+04 2.855611e+04 3.007846e+04 3.055748e+04 4.351814e+04 6.262474e+04 7.253579e+04 8.239133e+04 1.019182e+05 1.203008e+05 1.404644e+05 1.566679e+05 1.740340e+05 1.742645e+05 1.615567e+05 1.172640e+05 6.965909e+04 3.317137e+04 4.503399e-02
2.520259e+04 2.568519e+04 2.648854e+04 2.808862e+04 2.859051e+04 4.289879e+04 6.579828e+04 7.820311e+04 9.085070e+04 1.167964e+05 1.422873e+05 1.714446e+05 1.961227e+05 2.261417e+05 2.310205e+05 2.165240e+05 1.620562e+05 1.001132e+05 5.071203e+04 4.503400e-02
2.022783e+04 2.066067e+04 2.137626e+04 2.282414e+04 2.327828e+04 3.673493e+04 5.960158e+04 7.274552e+04 8.671504e+04 1.168803e+05 1.478316e+05 1.846390e+05 2.168991e+05 2.583108e+05 2.683312e+05 2.528303e+05 1.888670e+05 1.177184e+05 6.442983e+04 4.503400e-02
1.445599e+04 1.478817e+04 1.533423e+04 1.645774e+04 1.680804e+04 2.758820e+04 4.725709e+04 5.906254e+04 7.185710e+04 1.008805e+05 1.327580e+05 1.730536e+05 2.099426e+05 2.592936e+05 2.719439e+05 2.557405e+05 1.866889e+05 1.145332e+05 6.530189e+04 4.503400e-02
9.198140e+03 9.419229e+03 9.778272e+03 1.053208e+04 1.076675e+04 1.814992e+04 3.243283e+04 4.134140e+04 5.129251e+04 7.519361e+04 1.029108e+05 1.396632e+05 1.752234e+05 2.272852e+05 2.438788e+05 2.299978e+05 1.625792e+05 9.410192e+04 5.369241e+04 4.503400e-02
5.493649e+03 5.628906e+03 5.844024e+03 6.301855e+03 6.443944e+03 1.104366e+04 2.024801e+04 2.606208e+04 3.265982e+04 4.922783e+04 6.940054e+04 9.754592e+04 1.264866e+05 1.717610e+05 1.885669e+05 1.799319e+05 1.276846e+05 7.169032e+04 4.051673e+04 4.503400e-02
3.104766e+03 3.179863e+03 3.296309e+03 3.551297e+03 3.629508e+03 6.210723e+03 1.144680e+04 1.477197e+04 1.857669e+04 2.847001e+04 4.083646e+04 5.850794e+04 7.753181e+04 1.086773e+05 1.218432e+05 1.183202e+05 8.597925e+04 4.905850e+04 2.876433e+04 4.503400e-02
1.711492e+03 1.751895e+03 1.813957e+03 1.947680e+03 1.988089e+03 3.329985e+03 6.032322e+03 7.733472e+03 9.666677e+03 1.472539e+04 2.118076e+04 3.066699e+04 4.110658e+04 5.868060e+04 6.662654e+04 6.577775e+04 4.864500e+04 2.813615e+04 1.732553e+04 4.503399e-02
9.863632e+02 1.007508e+03 1.039739e+03 1.110535e+03 1.131658e+03 1.818169e+03 3.161356e+03 3.981985e+03 4.892392e+03 7.201707e+03 1.014943e+04 1.448965e+04 1.928185e+04 2.755468e+04 3.163742e+04 3.142242e+04 2.360407e+04 1.421377e+04 9.278273e+03 4.503399e-02
8.241064e+02 8.411694e+02 8.673995e+02 9.242851e+02 9.414107e+02 1.482964e+03 2.520308e+03 3.144826e+03 3.822300e+03 5.552679e+03 7.663378e+03 1.073693e+04 1.413728e+04 2.002772e+04 2.274116e+04 2.272331e+04 1.708317e+04 1.036672e+04 6.723475e+03 4.503399e-02
6.588076e+02 6.717500e+02 6.920802e+02 7.353132e+02 7.483980e+02 1.152033e+03 1.887248e+03 2.322906e+03 2.791527e+03 3.931673e+03 5.298730e+03 7.152267e+03 9.127744e+03 1.251230e+04 1.415314e+04 1.378879e+04 1.040385e+04 6.440227e+03 4.237334e+03 4.503400e-02
5.442802e+02 5.549673e+02 5.720812e+02 6.075080e+02 6.183282e+02 9.409621e+02 1.504888e+03 1.830941e+03 2.176990e+03 2.988898e+03 3.942463e+03 5.171844e+03 6.433410e+03 8.321892e+03 9.226042e+03 9.009082e+03 6.822423e+03 4.528877e+03 2.675390e+03 4.503400e-02
4.954295e+02 5.050359e+02 5.205798e+02 5.525538e+02 5.624270e+02 8.566821e+02 1.362288e+03 1.653268e+03 1.961858e+03 2.663897e+03 3.460405e+03 4.514876e+03 5.544905e+03 7.072477e+03 7.691491e+03 7.700348e+03 5.536151e+03 3.917781e+03 2.036543e+03 4.503400e-02
3.592816e+02 3.664039e+02 3.781353e+02 4.020483e+02 4.095591e+02 6.362104e+02 1.029841e+03 1.254709e+03 1.494757e+03 2.023946e+03 2.600361e+03 3.327765e+03 4.012318e+03 5.146626e+03 5.594893e+03 5.302538e+03 4.080940e+03 2.786998e+03 1.143585e+03 4.503399e-02
2.803807e+02 2.857167e+02 2.942784e+02 3.122139e+02 3.175840e+02 4.799521e+02 7.779805e+02 9.583757e+02 1.151658e+03 1.582731e+03 2.056512e+03 2.631331e+03 3.164545e+03 3.892098e+03 4.139346e+03 4.031130e+03 2.994234e+03 1.744741e+03 2.181595e+03 4.503399e-02
2.630625e+02 2.681507e+02 2.763341e+02 2.932068e+02 2.982999e+02 4.497052e+02 7.204685e+02 8.837758e+02 1.061028e+03 1.459827e+03 1.891358e+03 2.417857e+03 2.883698e+03 3.488802e+03 3.602547e+03 3.449841e+03 2.649458e+03 1.165025e+03 1.142791e+03 4.503399e-02
2.483688e+02 2.530141e+02 2.607351e+02 2.764399e+02 2.813855e+02 4.268644e+02 6.765997e+02 8.303192e+02 9.977083e+02 1.384629e+03 1.807477e+03 2.349000e+03 2.833203e+03 3.512245e+03 3.651197e+03 3.462758e+03 2.780880e+03 1.110283e+03 6.091240e+02 4.503400e-02
2.376852e+02 2.418728e+02 2.488171e+02 2.628477e+02 2.672492e+02 4.036347e+02 6.422162e+02 7.845072e+02 9.460308e+02 1.320726e+03 1.757847e+03 2.335160e+03 2.908396e+03 3.784178e+03 4.179356e+03 4.046089e+03 3.167019e+03 1.940613e+03 4.960613e+02 4.503399e-02
2.208233e+02 2.245854e+02 2.305581e+02 2.430662e+02 2.467133e+02 3.594809e+02 5.727633e+02 6.965661e+02 8.303666e+02 1.159069e+03 1.545133e+03 2.096127e+03 2.662492e+03 3.665768e+03 4.281596e+03 4.373044e+03 3.733857e+03 2.695574e+03 1.279345e+03 4.503399e-02
1.919881e+02 1.947824e+02 1.987652e+02 2.082041e+02 2.106092e+02 2.941910e+02 4.399986e+02 5.266864e+02 6.152455e+02 8.254177e+02 1.076337e+03 1.414321e+03 1.782254e+03 2.414606e+03 2.802892e+03 2.914178e+03 2.482676e+03 1.721408e+03 2.130649e+03 4.503400e-02
1.791069e+02 1.813591e+02 1.849596e+02 1.925427e+02 1.947723e+02 2.565589e+02 3.577410e+02 4.127138e+02 4.680502e+02 5.921483e+02 7.317058e+02 9.174338e+02 1.106083e+03 1.429020e+03 1.627343e+03 1.674576e+03 1.446204e+03 1.078388e+03 6.129387e+02 4.503400e-02
1.770613e+02 1.791174e+02 1.823900e+02 1.891437e+02 1.910976e+02 2.454294e+02 3.244493e+02 3.655217e+02 4.056160e+02 4.886025e+02 5.725788e+02 6.747031e+02 7.699062e+02 9.055544e+02 9.615181e+02 9.458191e+02 7.823793e+02 5.942099e+02 4.488547e+02 4.503399e-02
1.864461e+02 1.885919e+02 1.920389e+02 1.989641e+02 2.010252e+02 2.561787e+02 3.323001e+02 3.700366e+02 4.058637e+02 4.760685e+02 5.420399e+02 6.143528e+02 6.762028e+02 7.462217e+02 7.507583e+02 7.077987e+02 5.580265e+02 4.072704e+02 3.068299e+02 4.503400e-02
2.012120e+02 2.035700e+02 2.073780e+02 2.149771e+02 2.172687e+02 2.775943e+02 3.579006e+02 3.965310e+02 4.326990e+02 4.991924e+02 5.561302e+02 6.116516e+02 6.490212e+02 6.688726e+02 6.242616e+02 5.488244e+02 3.857497e+02 2.564463e+02 1.871550e+02 4.503400e-02
2.273820e+02 2.302572e+02 2.349391e+02 2.442043e+02 2.470042e+02 3.199652e+02 4.186129e+02 4.663057e+02 5.106517e+02 5.893875e+02 6.529002e+02 7.076877e+02 7.356895e+02 7.155091e+02 6.239818e+02 5.084920e+02 3.079996e+02 1.719563e+02 9.893522e+01 4.503400e-02
2.307399e+02 2.336965e+02 2.385167e+02 2.480587e+02 2.509507e+02 3.263406e+02 4.281292e+02 4.777260e+02 5.240842e+02 6.062971e+02 6.727179e+02 7.300400e+02 7.591651e+02 7.378278e+02 6.398212e+02 5.188498e+02 3.086450e+02 1.702119e+02 9.486745e+01 4.503399e-02
2.333225e+02 2.363223e+02 2.412171e+02 2.509369e+02 2.538863e+02 3.312821e+02 4.355953e+02 4.865988e+02 5.345708e+02 6.198131e+02 6.887983e+02 7.484053e+02 7.785620e+02 7.570617e+02 6.544963e+02 5.287776e+02 3.099452e+02 1.691653e+02 9.270519e+01 4.503400e-02
2.371537e+02 2.402548e+02 2.453112e+02 2.553220e+02 2.583576e+02 3.387858e+02 4.473442e+02 5.004976e+02 5.510308e+02 6.415413e+02 7.149884e+02 7.791342e+02 8.122829e+02 7.905082e+02 6.829363e+02 5.481768e+02 3.168906e+02 1.688648e+02 8.853638e+01 4.503400e-02
2.383054e+02 2.414265e+02 2.465331e+02 2.566407e+02 2.597032e+02 3.411115e+02 4.510170e+02 5.048451e+02 5.561578e+02 6.484890e+02 7.234079e+02 7.892446e+02 8.236943e+02 8.020616e+02 6.934063e+02 5.554147e+02 3.200953e+02 1.691534e+02 8.728452e+01 4.503399e-02
2.396003e+02 2.427728e+02 2.479271e+02 2.581557e+02 2.612569e+02 3.437196e+02 4.553314e+02 5.099570e+02 5.621562e+02 6.566902e+02 7.334503e+02 8.013805e+02 8.374455e+02 8.162030e+02 7.066078e+02 5.646760e+02 3.246426e+02 1.710577e+02 8.652186e+01 4.503400e-02
2.399573e+02 2.431393e+02 2.483207e+02 2.585805e+02 2.616933e+02 3.444465e+02 4.565696e+02 5.114292e+02 5.638744e+02 6.590404e+02 7.363581e+02 8.048988e+02 8.414511e+02 8.203902e+02 7.105691e+02 5.676539e+02 3.262746e+02 1.715091e+02 8.708950e+01 4.503400e-02
2.408326e+02 2.440291e+02 2.492546e+02 2.595997e+02 2.627333e+02 3.462203e+02 4.595999e+02 5.150954e+02 5.681046e+02 6.647313e+02 7.434503e+02 8.134310e+02 8.511110e+02 8.305996e+02 7.201487e+02 5.749444e+02 3.297298e+02 1.721824e+02 8.851890e+01 4.503400e-02
2.479007e+02 2.513321e+02 2.569264e+02 2.680616e+02 2.714297e+02 3.616036e+02 4.878111e+02 5.497303e+02 6.085341e+02 7.174364e+02 8.102211e+02 8.932204e+02 9.395190e+02 9.244147e+02 8.018915e+02 6.438689e+02 3.666971e+02 1.791225e+02 9.001482e+01 4.503399e-02
2.492803e+02 2.527804e+02 2.584571e+02 2.697705e+02 2.731905e+02 3.653670e+02 4.950361e+02 5.592182e+02 6.201014e+02 7.325505e+02 8.292575e+02 9.169890e+02 9.657757e+02 9.529304e+02 8.284647e+02 6.658426e+02 3.808192e+02 1.882393e+02 9.061143e+01 4.503399e-02
2.506825e+02 2.543145e+02 2.602421e+02 2.720915e+02 2.756785e+02 3.724746e+02 5.097263e+02 5.790077e+02 6.460819e+02 7.698609e+02 8.767070e+02 9.802453e+02 1.041824e+03 1.041692e+03 9.163856e+02 7.408048e+02 4.305362e+02 2.168967e+02 9.243691e+01 4.503399e-02
2.450432e+02 2.486756e+02 2.545820e+02 2.666087e+02 2.701570e+02 3.685814e+02 5.123125e+02 5.854488e+02 6.561783e+02 7.913333e+02 9.104542e+02 1.025949e+03 1.104863e+03 1.131564e+03 1.013190e+03 8.305144e+02 4.982067e+02 2.577295e+02 1.213227e+02 4.503400e-02
2.448727e+02 2.484997e+02 2.543906e+02 2.664169e+02 2.699678e+02 3.683687e+02 5.121099e+02 5.852920e+02 6.560424e+02 7.912434e+02 9.104833e+02 1.026089e+03 1.105083e+03 1.132205e+03 1.014114e+03 8.314288e+02 4.989246e+02 2.582834e+02 1.218816e+02 4.503399e-02
2.298266e+02 2.334032e+02 2.391064e+02 2.508207e+02 2.542717e+02 3.496523e+02 4.902464e+02 5.635340e+02 6.344730e+02 7.692757e+02 8.908001e+02 1.013511e+03 1.093792e+03 1.137780e+03 1.038611e+03 8.617951e+02 5.252703e+02 2.853342e+02 1.380069e+02 4.503399e-02
2.138629e+02 2.172380e+02 2.226194e+02 2.337260e+02 2.369633e+02 3.289109e+02 4.632399e+02 5.334792e+02 6.026419e+02 7.350659e+02 8.543056e+02 9.759258e+02 1.060532e+03 1.104368e+03 1.024096e+03 8.631379e+02 5.338792e+02 2.897790e+02 1.510867e+02 4.503399e-02
2.090466e+02 2.123648e+02 2.176567e+02 2.285815e+02 2.317476e+02 3.221857e+02 4.546806e+02 5.237607e+02 5.919185e+02 7.231223e+02 8.413999e+02 9.616056e+02 1.046292e+03 1.091283e+03 1.013020e+03 8.574261e+02 5.323331e+02 2.884649e+02 1.534833e+02 4.503399e-02
1.858057e+02 1.888783e+02 1.937873e+02 2.039612e+02 2.069325e+02 2.904306e+02 4.144627e+02 4.791750e+02 5.428090e+02 6.664866e+02 7.796928e+02 8.952529e+02 9.769285e+02 1.031671e+03 9.601972e+02 8.225813e+02 5.254775e+02 2.868257e+02 1.471275e+02 4.503399e-02
1.720792e+02 1.749722e+02 1.796000e+02 1.891853e+02 1.919857e+02 2.719465e+02 3.910513e+02 4.535976e+02 5.153255e+02 6.351048e+02 7.448665e+02 8.588649e+02 9.418241e+02 9.997918e+02 9.390419e+02 8.078974e+02 5.265986e+02 2.906903e+02 1.491337e+02 4.503400e-02
1.624419e+02 1.652128e+02 1.696469e+02 1.788148e+02 1.814887e+02 2.585657e+02 3.744432e+02 4.355044e+02 4.959479e+02 6.136725e+02 7.212302e+02 8.347654e+02 9.193606e+02 9.821999e+02 9.289719e+02 8.030959e+02 5.272813e+02 2.946818e+02 1.507251e+02 4.503399e-02
1.374161e+02 1.398426e+02 1.437060e+02 1.517663e+02 1.540949e+02 2.224295e+02 3.280788e+02 3.849903e+02 4.415855e+02 5.528410e+02 6.557691e+02 7.642035e+02 8.506179e+02 9.299659e+02 8.897069e+02 7.819088e+02 5.231099e+02 3.049946e+02 1.578278e+02 4.503399e-02
1.291024e+02 1.314117e+02 1.350916e+02 1.427738e+02 1.449857e+02 2.101262e+02 3.115982e+02 3.667453e+02 4.218863e+02 5.304538e+02 6.314412e+02 7.383144e+02 8.230010e+02 9.057059e+02 8.710350e+02 7.676419e+02 5.180148e+02 3.033806e+02 1.602247e+02 4.503400e-02
1.123276e+02 1.143859e+02 1.176774e+02 1.245943e+02 1.265755e+02 1.851834e+02 2.776737e+02 3.286838e+02 3.803177e+02 4.829001e+02 5.794142e+02 6.828846e+02 7.639803e+02 8.507008e+02 8.279432e+02 7.328567e+02 5.021252e+02 2.944166e+02 1.642314e+02 4.503399e-02
9.013555e+01 9.182825e+01 9.453282e+01 1.001992e+02 1.018469e+02 1.513480e+02 2.308026e+02 2.752749e+02 3.209926e+02 4.148245e+02 5.058206e+02 6.060116e+02 6.859723e+02 7.728881e+02 7.717412e+02 6.936176e+02 4.812322e+02 2.853892e+02 1.538354e+02 4.503400e-02
8.275497e+01 8.432835e+01 8.684644e+01 9.210640e+01 9.363058e+01 1.397183e+02 2.145434e+02 2.566309e+02 3.000536e+02 3.902495e+02 4.794154e+02 5.790605e+02 6.595546e+02 7.496404e+02 7.534682e+02 6.839596e+02 4.770114e+02 2.847383e+02 1.538333e+02 4.503400e-02
7.125003e+01 7.262294e+01 7.482389e+01 7.946197e+01 8.079851e+01 1.213865e+02 1.882576e+02 2.263544e+02 2.659381e+02 3.491552e+02 4.335861e+02 5.313143e+02 6.124266e+02 7.075548e+02 7.175076e+02 6.657308e+02 4.715365e+02 2.834418e+02 1.538298e+02 4.503400e-02
5.446161e+01 5.554709e+01 5.727131e+01 6.094317e+01 6.199576e+01 9.446498e+01 1.485098e+02 1.798861e+02 2.129639e+02 2.835625e+02 3.573861e+02 4.469520e+02 5.269936e+02 6.298810e+02 6.544850e+02 6.157376e+02 4.637835e+02 2.780599e+02 1.536381e+02 4.503400e-02
5.127791e+01 5.229972e+01 5.392502e+01 5.738044e+01 5.837405e+01 8.922281e+01 1.407070e+02 1.706376e+02 2.023048e+02 2.700992e+02 3.414065e+02 4.286416e+02 5.076012e+02 6.120985e+02 6.398244e+02 6.049141e+02 4.614388e+02 2.788282e+02 1.528959e+02 4.503400e-02
4.123977e+01 4.207317e+01 4.340493e+01 4.620389e+01 4.701588e+01 7.215779e+01 1.152582e+02 1.404489e+02 1.671488e+02 2.253361e+02 2.874088e+02 3.656726e+02 4.390156e+02 5.474034e+02 5.850087e+02 5.647582e+02 4.471536e+02 2.884451e+02 1.510502e+02 4.503400e-02
3.067019e+01 3.131540e+01 3.233983e+01 3.452608e+01 3.515216e+01 5.454391e+01 8.781505e+01 1.076714e+02 1.285358e+02 1.746535e+02 2.244877e+02 2.881998e+02 3.499477e+02 4.484327e+02 4.956407e+02 4.881605e+02 3.986655e+02 2.856038e+02 1.646003e+02 4.503400e-02
2.255398e+01 2.304590e+01 2.384336e+01 2.551038e+01 2.600095e+01 4.102795e+01 6.680389e+01 8.192485e+01 9.826150e+01 1.345050e+02 1.733168e+02 2.219401e+02 2.687598e+02 3.435654e+02 3.825660e+02 3.836968e+02 3.193535e+02 2.153919e+02 1.573556e+02 4.503400e-02
1.736394e+01 1.776321e+01 1.842541e+01 1.977726e+01 2.019419e+01 3.281916e+01 5.470255e+01 6.771522e+01 8.186834e+01 1.133979e+02 1.484541e+02 1.921688e+02 2.326623e+02 2.964363e+02 3.299361e+02 3.317373e+02 2.776985e+02 1.880530e+02 1.043333e+02 4.503399e-02
1.358615e+01 1.390977e+01 1.444798e+01 1.554869e+01 1.589120e+01 2.651498e+01 4.602432e+01 5.781413e+01 7.078879e+01 1.003399e+02 1.334390e+02 1.780634e+02 2.203808e+02 2.874344e+02 3.251286e+02 3.318657e+02 2.857136e+02 1.941316e+02 1.115223e+02 4.503399e-02
1.057138e+01 1.083227e+01 1.126813e+01 1.216105e+01 1.244263e+01 2.119933e+01 3.797338e+01 4.863447e+01 6.059488e+01 8.817088e+01 1.199928e+02 1.632079e+02 2.076513e+02 2.831712e+02 3.255370e+02 3.370894e+02 2.941264e+02 2.060976e+02 1.145291e+02 4.503400e-02
8.092592e+00 8.294508e+00 8.631040e+00 9.328124e+00 9.547165e+00 1.654170e+01 3.038150e+01 3.942278e+01 4.992532e+01 7.523552e+01 1.051978e+02 1.470566e+02 1.908062e+02 2.736161e+02 3.267103e+02 3.429594e+02 3.067448e+02 2.142177e+02 1.251155e+02 4.503400e-02
6.060807e+00 6.211070e+00 6.459738e+00 6.979073e+00 7.140575e+00 1.239056e+01 2.317000e+01 3.043771e+01 3.901354e+01 6.045152e+01 8.738048e+01 1.264156e+02 1.681699e+02 2.486686e+02 3.161490e+02 3.473132e+02 3.201342e+02 2.284165e+02 1.284763e+02 4.503399e-02
4.339217e+00 4.448356e+00 4.626832e+00 5.005869e+00 5.121460e+00 8.863192e+00 1.657830e+01 2.191815e+01 2.836743e+01 4.505048e+01 6.694397e+01 1.005967e+02 1.383614e+02 2.142842e+02 2.786427e+02 3.287136e+02 3.270106e+02 2.417488e+02 1.405437e+02 4.503400e-02
2.889198e+00 2.963672e+00 3.083386e+00 3.345176e+00 3.422860e+00 5.973269e+00 1.106708e+01 1.459930e+01 1.894405e+01 3.052601e+01 4.652730e+01 7.228831e+01 1.026062e+02 1.675062e+02 2.261280e+02 2.689372e+02 3.099377e+02 2.397591e+02 1.466355e+02 4.503400e-02
1.752811e+00 1.798952e+00 1.872249e+00 2.037559e+00 2.085611e+00 3.695109e+00 6.861044e+00 8.993098e+00 1.159114e+01 1.863074e+01 2.882404e+01 4.614019e+01 6.744259e+01 1.161236e+02 1.635538e+02 2.013577e+02 2.469786e+02 2.347179e+02 1.436238e+02 4.503399e-02
8.987920e-01 9.218783e-01 9.553374e-01 1.042042e+00 1.065324e+00 1.919111e+00 3.591067e+00 4.717477e+00 6.063277e+00 9.549719e+00 1.467054e+01 2.383696e+01 3.548528e+01 6.321828e+01 9.316846e+01 1.187278e+02 1.510254e+02 1.711416e+02 1.436946e+02 4.503399e-02
3.672723e-01 3.768374e-01 3.894192e-01 4.245140e-01 4.333309e-01 7.594894e-01 1.424893e+00 1.857196e+00 2.376255e+00 3.705326e+00 5.511545e+00 8.613472e+00 1.260256e+01 2.186153e+01 3.177156e+01 4.164299e+01 5.412321e+01 5.316264e+01 8.807579e+01 4.503400e-02
1.926433e-01 1.974552e-01 2.053993e-01 2.224772e-01 2.277181e-01 3.959443e-01 7.290263e-01 9.492111e-01 1.208697e+00 1.858486e+00 2.722900e+00 4.097914e+00 5.699644e+00 9.291108e+00 1.296586e+01 1.617489e+01 2.043753e+01 1.949230e+01 1.419117e+01 4.503400e-02
1.295228e-01 1.327974e-01 1.381492e-01 1.497966e-01 1.533237e-01 2.683601e-01 4.963911e-01 6.478092e-01 8.274804e-01 1.275857e+00 1.864357e+00 2.805226e+00 3.917635e+00 6.406286e+00 8.993999e+00 1.127855e+01 1.436432e+01 1.435415e+01 1.145414e+01 4.503400e-02
8.302659e-02 8.514708e-02 8.858748e-02 9.617436e-02 9.844705e-02 1.732580e-01 3.215803e-01 4.202148e-01 5.370872e-01 8.275201e-01 1.206534e+00 1.805802e+00 2.509330e+00 4.091279e+00 5.711244e+00 7.170333e+00 9.077247e+00 9.373534e+00 8.062113e+00 4.503399e-02
5.112608e-02 5.244952e-02 5.461742e-02 5.937670e-02 6.078512e-02 1.077997e-01 2.007798e-01 2.621394e-01 3.352363e-01 5.173554e-01 7.496064e-01 1.110015e+00 1.533635e+00 2.463044e+00 3.417573e+00 4.230832e+00 5.400409e+00 5.390148e+00 5.048309e+00 4.503400e-02
3.066685e-02 3.146231e-02 3.277150e-02 3.564454e-02 3.650339e-02 6.527460e-02 1.232681e-01 1.611353e-01 2.056479e-01 3.172309e-01 4.598370e-01 6.766995e-01 9.273595e-01 1.480564e+00 2.024938e+00 2.519330e+00 3.166283e+00 3.306151e+00 2.741646e+00 4.503400e-02
1.795211e-02 1.841183e-02 1.915939e-02 2.084475e-02 2.133466e-02 3.799507e-02 7.258672e-02 9.532671e-02 1.222422e-01 1.894220e-01 2.736441e-01 4.018763e-01 5.496959e-01 8.707983e-01 1.187027e+00 1.454725e+00 1.843201e+00 1.990948e+00 1.838677e+00 4.503400e-02
9.663769e-03 9.920959e-03 1.033698e-02 1.128442e-02 1.155614e-02 2.042915e-02 3.868764e-02 5.084889e-02 6.533201e-02 1.027469e-01 1.491417e-01 2.158610e-01 2.931858e-01 4.625147e-01 6.243072e-01 7.569357e-01 9.849965e-01 1.008628e+00 1.045974e+00 4.503400e-02
4.836129e-03 4.958763e-03 5.158535e-03 5.625164e-03 5.757799e-03 1.038653e-02 1.953427e-02 2.533450e-02 3.235340e-02 5.147527e-02 7.607366e-02 1.115894e-01 1.493817e-01 2.353789e-01 3.235002e-01 3.893515e-01 4.909518e-01 6.326077e-01 4.921066e-01 4.503399e-02
1.870233e-03 1.913282e-03 1.981023e-03 2.177841e-03 2.224950e-03 3.828569e-03 7.446457e-03 9.565886e-03 1.191173e-02 1.845748e-02 2.747051e-02 4.086829e-02 5.568268e-02 8.516007e-02 1.195233e-01 1.465161e-01 1.814180e-01 2.250585e-01 3.726592e-01 4.503400e-02
4.617151e-04 4.711390e-04 4.841927e-04 5.273832e-04 5.368844e-04 8.832357e-04 1.630450e-03 2.075115e-03 2.531162e-03 3.737263e-03 5.274404e-03 7.447032e-03 9.888972e-03 1.425853e-02 1.910172e-02 2.266279e-02 2.614278e-02 2.755835e-02 6.700134e-02 4.503400e-02
1.701175e-04 1.735406e-04 1.786305e-04 1.925630e-04 1.965423e-04 3.287952e-04 5.895826e-04 7.465786e-04 9.206355e-04 1.355311e-03 1.858797e-03 2.509208e-03 3.146878e-03 4.395575e-03 5.512910e-03 6.002144e-03 6.053043e-03 5.400976e-03 4.531912e-03 4.503399e-02
9.068711e-05 9.259636e-05 9.515272e-05 1.029204e-04 1.050252e-04 1.791437e-04 3.354231e-04 4.323193e-04 5.409083e-04 8.153617e-04 1.138163e-03 1.564499e-03 1.994219e-03 2.824055e-03 3.537716e-03 3.974909e-03 4.006715e-03 3.556992e-03 2.807484e-03 4.503399e-02
4.220292e-05 4.305581e-05 4.416340e-05 4.817720e-05 4.924989e-05 8.561530e-05 1.683133e-04 2.218760e-04 2.840761e-04 4.506130e-04 6.471979e-04 9.074628e-04 1.179764e-03 1.736755e-03 2.212491e-03 2.445845e-03 2.667173e-03 2.378480e-03 1.896691e-03 4.503400e-02
1.620528e-05 1.653540e-05 1.696997e-05 1.875994e-05 1.929080e-05 3.582315e-05 7.188874e-05 9.608000e-05 1.261554e-04 2.109040e-04 3.205705e-04 4.642945e-04 6.119973e-04 9.403503e-04 1.250927e-03 1.400156e-03 1.488993e-03 1.545726e-03 1.251394e-03 4.503399e-02
5.787938e-06 5.835506e-06 5.901009e-06 6.501150e-06 6.655901e-06 1.162378e-05 2.616138e-05 3.418886e-05 4.364589e-05 7.668093e-05 1.209399e-04 1.859276e-04 2.514868e-04 3.878104e-04 5.502736e-04 6.387286e-04 6.949223e-04 6.689307e-04 8.107533e-04 4.503400e-02
3.109645e-08 4.466752e-08 0.000000e+00 2.464866e-08 0.000000e+00 0.000000e+00 0.000000e+00 1.244701e-07 0.000000e+00 0.000000e+00 3.354769e-07 0.000000e+00 6.161361e-07 7.614451e-07 0.000000e+00 1.082035e-06 9.692533e-07 0.000000e+00 6.562031e-07 4.503400e-02
