# IRO spectrum from Tanja Kneiske et al. obtained from O. E. Kalashev (http://hecr.inr.ac.ru/)
# energy / eV:
4.677351e-03 5.929253e-03 7.516229e-03 1.000000e-02 1.200000e-02 1.500000e-02 1.900000e-02 2.500000e-02 3.100000e-02 4.000000e-02 5.000000e-02 6.400000e-02 8.100000e-02 1.020000e-01 1.300000e-01 1.650000e-01 2.090000e-01 2.650000e-01 3.350000e-01 4.250000e-01 5.390000e-01 6.840000e-01 8.670000e-01 1.099000e+00 1.394000e+00 1.767000e+00 2.241000e+00 2.841000e+00 3.603000e+00 4.568000e+00 5.792000e+00 7.344000e+00 9.312000e+00 1.180600e+01
# redshift:
0.00 0.10 0.20 0.30 0.40 0.50 0.60 0.70 0.80 0.90 1.00 1.10 1.20 1.30 1.40 1.50 1.60 1.70 1.80 1.90 2.00 2.10 2.20 2.30 2.40 2.50 2.60 2.70 2.80 2.90 3.00 3.10 3.20 3.30 3.40 3.50 3.60 3.70 3.80 3.90 4.00 4.10 4.20 4.30 4.40 4.50 4.60 4.70 4.80 4.90 5.00
# photon field density / 1/eVcm^3:
1.729000e+02 1.635320e+02 1.528044e+02 1.411824e+02 1.303857e+02 1.190034e+02 1.087625e+02 9.878106e+01 8.943543e+01 8.060978e+01 7.231310e+01 6.478083e+01 5.794702e+01 5.189750e+01 4.661845e+01 4.193080e+01 3.778290e+01 3.408859e+01 3.078435e+01 2.782836e+01 2.515942e+01 2.275289e+01 2.058947e+01 1.862411e+01 1.685382e+01 1.525154e+01 1.380248e+01 1.249265e+01 1.130915e+01 1.024542e+01 9.278374e+00 8.401818e+00 7.606586e+00 6.882435e+00 6.222541e+00 5.620553e+00 5.071390e+00 4.571175e+00 4.116071e+00 3.699534e+00 3.320110e+00 2.973294e+00 2.655171e+00 2.364552e+00 2.099110e+00 1.856191e+00 1.633962e+00 1.430019e+00 1.244105e+00 1.073714e+00 9.180083e-01
1.422924e+02 1.411408e+02 1.372312e+02 1.310996e+02 1.248828e+02 1.169175e+02 1.094528e+02 1.014886e+02 9.361168e+01 8.574867e+01 7.797992e+01 7.073526e+01 6.401882e+01 5.800607e+01 5.274022e+01 4.801850e+01 4.380069e+01 3.999894e+01 3.655129e+01 3.342358e+01 3.055556e+01 2.792983e+01 2.553610e+01 2.332613e+01 2.130839e+01 1.945679e+01 1.776070e+01 1.620936e+01 1.479255e+01 1.350638e+01 1.232406e+01 1.124089e+01 1.024807e+01 9.334765e+00 8.494421e+00 7.720182e+00 7.007197e+00 6.352282e+00 5.751519e+00 5.197051e+00 4.688082e+00 4.219191e+00 3.785757e+00 3.386935e+00 3.020137e+00 2.682174e+00 2.370899e+00 2.083336e+00 1.819596e+00 1.576361e+00 1.352738e+00
1.011156e+02 1.060610e+02 1.080584e+02 1.073363e+02 1.058861e+02 1.019331e+02 9.785661e+01 9.262565e+01 8.694354e+01 8.076597e+01 7.421986e+01 6.792547e+01 6.197316e+01 5.662015e+01 5.197019e+01 4.780132e+01 4.407455e+01 4.069900e+01 3.761125e+01 3.478104e+01 3.215227e+01 2.971215e+01 2.745902e+01 2.534397e+01 2.338675e+01 2.156480e+01 1.987342e+01 1.830734e+01 1.686142e+01 1.553521e+01 1.430096e+01 1.315637e+01 1.209462e+01 1.110615e+01 1.018610e+01 9.328019e+00 8.528549e+00 7.786643e+00 7.099132e+00 6.457885e+00 5.863520e+00 5.310439e+00 4.794054e+00 4.314474e+00 3.869430e+00 3.455729e+00 3.071294e+00 2.713019e+00 2.381785e+00 2.073753e+00 1.788259e+00
6.013266e+01 6.708378e+01 7.212674e+01 7.505362e+01 7.714670e+01 7.678212e+01 7.588342e+01 7.351204e+01 7.029376e+01 6.618575e+01 6.131272e+01 5.641403e+01 5.166788e+01 4.738976e+01 4.374041e+01 4.050516e+01 3.764052e+01 3.505953e+01 3.269837e+01 3.052636e+01 2.849573e+01 2.659315e+01 2.482112e+01 2.313336e+01 2.155460e+01 2.006669e+01 1.866927e+01 1.736199e+01 1.614502e+01 1.501938e+01 1.395951e+01 1.296451e+01 1.202995e+01 1.114868e+01 1.031808e+01 9.532406e+00 8.790384e+00 8.093796e+00 7.440613e+00 6.823669e+00 6.245149e+00 5.700144e+00 5.184925e+00 4.700863e+00 4.246586e+00 3.819546e+00 3.418159e+00 3.039824e+00 2.686421e+00 2.354189e+00 2.042980e+00
2.917585e+01 3.449813e+01 3.922030e+01 4.298077e+01 4.627406e+01 4.792596e+01 4.902446e+01 4.884521e+01 4.774781e+01 4.565572e+01 4.262531e+01 3.935619e+01 3.606910e+01 3.308374e+01 3.059040e+01 2.841940e+01 2.652731e+01 2.484575e+01 2.331947e+01 2.191918e+01 2.061130e+01 1.938120e+01 1.823170e+01 1.712539e+01 1.608406e+01 1.509485e+01 1.415884e+01 1.327856e+01 1.245771e+01 1.169623e+01 1.097378e+01 1.028901e+01 9.638978e+00 9.019019e+00 8.427937e+00 7.860537e+00 7.316895e+00 6.800724e+00 6.310722e+00 5.841457e+00 5.395763e+00 4.969895e+00 4.561332e+00 4.172216e+00 3.802122e+00 3.449474e+00 3.113286e+00 2.791888e+00 2.487798e+00 2.197957e+00 1.922745e+00
1.150823e+01 1.412675e+01 1.680373e+01 1.933035e+01 2.178826e+01 2.357118e+01 2.505712e+01 2.580738e+01 2.590527e+01 2.524525e+01 2.379433e+01 2.204683e+01 2.018889e+01 1.847184e+01 1.706436e+01 1.586278e+01 1.483298e+01 1.393389e+01 1.312764e+01 1.239166e+01 1.170805e+01 1.106440e+01 1.046240e+01 9.878638e+00 9.327397e+00 8.801768e+00 8.302700e+00 7.833695e+00 7.399771e+00 6.999471e+00 6.619814e+00 6.258745e+00 5.914123e+00 5.583350e+00 5.265711e+00 4.956843e+00 4.657069e+00 4.370116e+00 4.094886e+00 3.827840e+00 3.571134e+00 3.322245e+00 3.079615e+00 2.845130e+00 2.618814e+00 2.399852e+00 2.187613e+00 1.981261e+00 1.783048e+00 1.590915e+00 1.405391e+00
3.909101e+00 4.756240e+00 5.715160e+00 6.737279e+00 7.826219e+00 8.780300e+00 9.667117e+00 1.029809e+01 1.063677e+01 1.059512e+01 1.010411e+01 9.406039e+00 8.605181e+00 7.843510e+00 7.227504e+00 6.710938e+00 6.274789e+00 5.901231e+00 5.570875e+00 5.270939e+00 4.994251e+00 4.733390e+00 4.488754e+00 4.249668e+00 4.022825e+00 3.805789e+00 3.598983e+00 3.405244e+00 3.228685e+00 3.067896e+00 2.916822e+00 2.773826e+00 2.637631e+00 2.507172e+00 2.381991e+00 2.259333e+00 2.139327e+00 2.024395e+00 1.913701e+00 1.805401e+00 1.700509e+00 1.597619e+00 1.495840e+00 1.396202e+00 1.298730e+00 1.203013e+00 1.108586e+00 1.015076e+00 9.237894e-01 8.335886e-01 7.447701e-01
1.407405e+00 1.592375e+00 1.807350e+00 2.050314e+00 2.331606e+00 2.606442e+00 2.887872e+00 3.122038e+00 3.280505e+00 3.321453e+00 3.200289e+00 2.993771e+00 2.738310e+00 2.486891e+00 2.284216e+00 2.115749e+00 1.974658e+00 1.855543e+00 1.751480e+00 1.657561e+00 1.571518e+00 1.490412e+00 1.414069e+00 1.338966e+00 1.267217e+00 1.198232e+00 1.132046e+00 1.070018e+00 1.014206e+00 9.639802e-01 9.173701e-01 8.736742e-01 8.323819e-01 7.932151e-01 7.559736e-01 7.195322e-01 6.839075e-01 6.501384e-01 6.178422e-01 5.863316e-01 5.559169e-01 5.260402e-01 4.963060e-01 4.670735e-01 4.383168e-01 4.098502e-01 3.814057e-01 3.528243e-01 3.245758e-01 2.961759e-01 2.676832e-01
7.072740e-01 7.385653e-01 7.710223e-01 8.025136e-01 8.420009e-01 8.747727e-01 9.128916e-01 9.427795e-01 9.603955e-01 9.548213e-01 9.127989e-01 8.513023e-01 7.781545e-01 7.062381e-01 6.474083e-01 5.978442e-01 5.558994e-01 5.201629e-01 4.888212e-01 4.605945e-01 4.347705e-01 4.105897e-01 3.879252e-01 3.658021e-01 3.447254e-01 3.245034e-01 3.050835e-01 2.868212e-01 2.702968e-01 2.553685e-01 2.415217e-01 2.285900e-01 2.164334e-01 2.049823e-01 1.941787e-01 1.837309e-01 1.736336e-01 1.641695e-01 1.552411e-01 1.466660e-01 1.385191e-01 1.306527e-01 1.229482e-01 1.154947e-01 1.082756e-01 1.012317e-01 9.427327e-02 8.734588e-02 8.055851e-02 7.376523e-02 6.695948e-02
4.684882e-01 4.709934e-01 4.734593e-01 4.738487e-01 4.759279e-01 4.710061e-01 4.665432e-01 4.563162e-01 4.419791e-01 4.211876e-01 3.921460e-01 3.603629e-01 3.276978e-01 2.974855e-01 2.723252e-01 2.507051e-01 2.321154e-01 2.159163e-01 2.015202e-01 1.885258e-01 1.766170e-01 1.655662e-01 1.553474e-01 1.455790e-01 1.364368e-01 1.277936e-01 1.196264e-01 1.119874e-01 1.049703e-01 9.855045e-02 9.253586e-02 8.689088e-02 8.157346e-02 7.654210e-02 7.177777e-02 6.720757e-02 6.282646e-02 5.869452e-02 5.479081e-02 5.105913e-02 4.752492e-02 4.414688e-02 4.089349e-02 3.778942e-02 3.482996e-02 3.199792e-02 2.927431e-02 2.664168e-02 2.412883e-02 2.169682e-02 1.934479e-02
3.383732e-01 3.341677e-01 3.292241e-01 3.236992e-01 3.195836e-01 3.122258e-01 3.052289e-01 2.949997e-01 2.822261e-01 2.658732e-01 2.453165e-01 2.238400e-01 2.025240e-01 1.831609e-01 1.669253e-01 1.529280e-01 1.408485e-01 1.303083e-01 1.209418e-01 1.125137e-01 1.048264e-01 9.775539e-02 9.126848e-02 8.514897e-02 7.948386e-02 7.419557e-02 6.926384e-02 6.469960e-02 6.053244e-02 5.673584e-02 5.319874e-02 4.989545e-02 4.679717e-02 4.387629e-02 4.111621e-02 3.847807e-02 3.595586e-02 3.357464e-02 3.132030e-02 2.916146e-02 2.711054e-02 2.514408e-02 2.324668e-02 2.143007e-02 1.969166e-02 1.802264e-02 1.641576e-02 1.486220e-02 1.337759e-02 1.194404e-02 1.056388e-02
2.416240e-01 2.399512e-01 2.355363e-01 2.293884e-01 2.232650e-01 2.153302e-01 2.076939e-01 1.987188e-01 1.885841e-01 1.767229e-01 1.626912e-01 1.482912e-01 1.341054e-01 1.211284e-01 1.100750e-01 1.004587e-01 9.208205e-02 8.472016e-02 7.815866e-02 7.224971e-02 6.687751e-02 6.194927e-02 5.743973e-02 5.322675e-02 4.934343e-02 4.574164e-02 4.240584e-02 3.933740e-02 3.655268e-02 3.403032e-02 3.170668e-02 2.955970e-02 2.756942e-02 2.571640e-02 2.398809e-02 2.235640e-02 2.081527e-02 1.937650e-02 1.802890e-02 1.675234e-02 1.555052e-02 1.440790e-02 1.331368e-02 1.227240e-02 1.128082e-02 1.033262e-02 9.421690e-03 8.542252e-03 7.702337e-03 6.890792e-03 6.108063e-03
1.579950e-01 1.615204e-01 1.617509e-01 1.593520e-01 1.557898e-01 1.499930e-01 1.438421e-01 1.365990e-01 1.286029e-01 1.198275e-01 1.101346e-01 1.005508e-01 9.132080e-02 8.290145e-02 7.560758e-02 6.915990e-02 6.345336e-02 5.836627e-02 5.377891e-02 4.961914e-02 4.581071e-02 4.230553e-02 3.908543e-02 3.608409e-02 3.331117e-02 3.074000e-02 2.835600e-02 2.615491e-02 2.414247e-02 2.230563e-02 2.061031e-02 1.904451e-02 1.759573e-02 1.625262e-02 1.500647e-02 1.384211e-02 1.275410e-02 1.174561e-02 1.080962e-02 9.934487e-03 9.120255e-03 8.357878e-03 7.640378e-03 6.968321e-03 6.338544e-03 5.746610e-03 5.188000e-03 4.658650e-03 4.161028e-03 3.688686e-03 3.240701e-03
9.264022e-02 9.767498e-02 1.009682e-01 1.021629e-01 1.022812e-01 1.001197e-01 9.720390e-02 9.292929e-02 8.777762e-02 8.186220e-02 7.531844e-02 6.894201e-02 6.292054e-02 5.749246e-02 5.278743e-02 4.860348e-02 4.488713e-02 4.153295e-02 3.848100e-02 3.569473e-02 3.311957e-02 3.073137e-02 2.852360e-02 2.645303e-02 2.452920e-02 2.273375e-02 2.105765e-02 1.949844e-02 1.805291e-02 1.671629e-02 1.546817e-02 1.430189e-02 1.321251e-02 1.219264e-02 1.123791e-02 1.034142e-02 9.499812e-03 8.714039e-03 7.980408e-03 7.292080e-03 6.649498e-03 6.047592e-03 5.482275e-03 4.953721e-03 4.459932e-03 3.998163e-03 3.565947e-03 3.160642e-03 2.783126e-03 2.429727e-03 2.099795e-03
5.192278e-02 5.506637e-02 5.801901e-02 5.983181e-02 6.147123e-02 6.142884e-02 6.087684e-02 5.923943e-02 5.667156e-02 5.328202e-02 4.919481e-02 4.508823e-02 4.118238e-02 3.770110e-02 3.474032e-02 3.213359e-02 2.983165e-02 2.777349e-02 2.590006e-02 2.418846e-02 2.260012e-02 2.112376e-02 1.975569e-02 1.846274e-02 1.725704e-02 1.612324e-02 1.505900e-02 1.406338e-02 1.313413e-02 1.226980e-02 1.145276e-02 1.068080e-02 9.951276e-03 9.259246e-03 8.603494e-03 7.979295e-03 7.385923e-03 6.824728e-03 6.294184e-03 5.789465e-03 5.312359e-03 4.859628e-03 4.428950e-03 4.021369e-03 3.636155e-03 3.271792e-03 2.927198e-03 2.600862e-03 2.294149e-03 2.004741e-03 1.732738e-03
3.258468e-02 3.305584e-02 3.339634e-02 3.418737e-02 3.494771e-02 3.516412e-02 3.530141e-02 3.471078e-02 3.354421e-02 3.175669e-02 2.937029e-02 2.684727e-02 2.443198e-02 2.224330e-02 2.045798e-02 1.888551e-02 1.755513e-02 1.636329e-02 1.530277e-02 1.433679e-02 1.344778e-02 1.262047e-02 1.185760e-02 1.113133e-02 1.045207e-02 9.815156e-03 9.218879e-03 8.660816e-03 8.144625e-03 7.666938e-03 7.215729e-03 6.789482e-03 6.383262e-03 5.995129e-03 5.624918e-03 5.268008e-03 4.924542e-03 4.596708e-03 4.283504e-03 3.981537e-03 3.692647e-03 3.414449e-03 3.145514e-03 2.887279e-03 2.639588e-03 2.401671e-03 2.172933e-03 1.952553e-03 1.742242e-03 1.540304e-03 1.347207e-03
2.582418e-02 2.380666e-02 2.272972e-02 2.177160e-02 2.138820e-02 2.080762e-02 2.031911e-02 1.975801e-02 1.900779e-02 1.791660e-02 1.644818e-02 1.495825e-02 1.341799e-02 1.205027e-02 1.093861e-02 1.003835e-02 9.235188e-03 8.563780e-03 7.986612e-03 7.454921e-03 6.976683e-03 6.536832e-03 6.130150e-03 5.747052e-03 5.390670e-03 5.053100e-03 4.741389e-03 4.454923e-03 4.191308e-03 3.953707e-03 3.730171e-03 3.522728e-03 3.323615e-03 3.136312e-03 2.958063e-03 2.786406e-03 2.620721e-03 2.463307e-03 2.313029e-03 2.167107e-03 2.027057e-03 1.892537e-03 1.760751e-03 1.632966e-03 1.509331e-03 1.388939e-03 1.271601e-03 1.156596e-03 1.045214e-03 9.364970e-04 8.305370e-04
2.344724e-02 2.118664e-02 1.887040e-02 1.725577e-02 1.579322e-02 1.468775e-02 1.369048e-02 1.275255e-02 1.181173e-02 1.088331e-02 9.863462e-03 8.833504e-03 7.815175e-03 6.934553e-03 6.182271e-03 5.559389e-03 5.041541e-03 4.578868e-03 4.186714e-03 3.842977e-03 3.535809e-03 3.276887e-03 3.032242e-03 2.807084e-03 2.606213e-03 2.421390e-03 2.249499e-03 2.094873e-03 1.954579e-03 1.828473e-03 1.715144e-03 1.607627e-03 1.509897e-03 1.416322e-03 1.330911e-03 1.250218e-03 1.172258e-03 1.099195e-03 1.031684e-03 9.658680e-04 9.045340e-04 8.457900e-04 7.877850e-04 7.331330e-04 6.798860e-04 6.285950e-04 5.783340e-04 5.293110e-04 4.817760e-04 4.350000e-04 3.892520e-04
2.175807e-02 1.955131e-02 1.757415e-02 1.553603e-02 1.392384e-02 1.245893e-02 1.117458e-02 9.950511e-03 9.001776e-03 7.969432e-03 7.143522e-03 6.252688e-03 5.516693e-03 4.847142e-03 4.312366e-03 3.785502e-03 3.369204e-03 3.040398e-03 2.719806e-03 2.453609e-03 2.229276e-03 2.014597e-03 1.821648e-03 1.650527e-03 1.495671e-03 1.358509e-03 1.227855e-03 1.116451e-03 1.012521e-03 9.290490e-04 8.515230e-04 7.853460e-04 7.218410e-04 6.669680e-04 6.164300e-04 5.695500e-04 5.264090e-04 4.879000e-04 4.514590e-04 4.173780e-04 3.859980e-04 3.563620e-04 3.286280e-04 3.022720e-04 2.776550e-04 2.542090e-04 2.319700e-04 2.106390e-04 1.904520e-04 1.710350e-04 1.523750e-04
1.837498e-02 1.702692e-02 1.558678e-02 1.410491e-02 1.259068e-02 1.136175e-02 9.997830e-03 8.735726e-03 7.737450e-03 6.889450e-03 5.976555e-03 5.235675e-03 4.604645e-03 4.037838e-03 3.544361e-03 3.152586e-03 2.777018e-03 2.477169e-03 2.223781e-03 1.965464e-03 1.771241e-03 1.592207e-03 1.443876e-03 1.286467e-03 1.166868e-03 1.046705e-03 9.461330e-04 8.472300e-04 7.737330e-04 6.897820e-04 6.230960e-04 5.655420e-04 5.034740e-04 4.519620e-04 4.057130e-04 3.604950e-04 3.228780e-04 2.858780e-04 2.528880e-04 2.279330e-04 2.052420e-04 1.834120e-04 1.633730e-04 1.460650e-04 1.311930e-04 1.168680e-04 1.037760e-04 9.217700e-05 8.152700e-05 7.155300e-05 6.238500e-05
1.452492e-02 1.364842e-02 1.275945e-02 1.186044e-02 1.090996e-02 9.918773e-03 8.964051e-03 8.010647e-03 7.151747e-03 6.211512e-03 5.478652e-03 4.786481e-03 4.219740e-03 3.688181e-03 3.278987e-03 2.856308e-03 2.548859e-03 2.265684e-03 2.024970e-03 1.828330e-03 1.628952e-03 1.458036e-03 1.313074e-03 1.192248e-03 1.078765e-03 9.637840e-04 8.803290e-04 7.981200e-04 7.272190e-04 6.504520e-04 5.932440e-04 5.414990e-04 4.861130e-04 4.431120e-04 4.037150e-04 3.607710e-04 3.279870e-04 2.990460e-04 2.663220e-04 2.413370e-04 2.139610e-04 1.890390e-04 1.706120e-04 1.496150e-04 1.308030e-04 1.163720e-04 1.007340e-04 8.446900e-05 7.197000e-05 5.931600e-05 4.754500e-05
9.777402e-03 9.442300e-03 8.979602e-03 8.400495e-03 7.838247e-03 7.148363e-03 6.580991e-03 5.986367e-03 5.345627e-03 4.777698e-03 4.229812e-03 3.750698e-03 3.291118e-03 2.873528e-03 2.535362e-03 2.225595e-03 1.981057e-03 1.758213e-03 1.573217e-03 1.407826e-03 1.262281e-03 1.138858e-03 1.029016e-03 9.274020e-04 8.378380e-04 7.618780e-04 6.866500e-04 6.247510e-04 5.649030e-04 5.133860e-04 4.679230e-04 4.260860e-04 3.872730e-04 3.522350e-04 3.218250e-04 2.920940e-04 2.665420e-04 2.426190e-04 2.205520e-04 2.005610e-04 1.819720e-04 1.650480e-04 1.491020e-04 1.346490e-04 1.204680e-04 1.083120e-04 9.607200e-05 8.526900e-05 7.494700e-05 6.537100e-05 5.642500e-05
5.969251e-03 5.791789e-03 5.545426e-03 5.297628e-03 4.968451e-03 4.542558e-03 4.196644e-03 3.791613e-03 3.434509e-03 3.050830e-03 2.703058e-03 2.382496e-03 2.094040e-03 1.826826e-03 1.601238e-03 1.408246e-03 1.250428e-03 1.112094e-03 9.913050e-04 8.782950e-04 7.938330e-04 7.140090e-04 6.397400e-04 5.770600e-04 5.194970e-04 4.674900e-04 4.240240e-04 3.831040e-04 3.461180e-04 3.137290e-04 2.850100e-04 2.583340e-04 2.343860e-04 2.122760e-04 1.932560e-04 1.752500e-04 1.586140e-04 1.438590e-04 1.305080e-04 1.181450e-04 1.070520e-04 9.645800e-05 8.699000e-05 7.810400e-05 7.003500e-05 6.251100e-05 5.543700e-05 4.896700e-05 4.299900e-05 3.746500e-05 3.227300e-05
3.411466e-03 3.375146e-03 3.342770e-03 3.182778e-03 2.903627e-03 2.810607e-03 2.593842e-03 2.354925e-03 2.149188e-03 1.931706e-03 1.702228e-03 1.497390e-03 1.311067e-03 1.143251e-03 1.003684e-03 8.829260e-04 7.812390e-04 6.952010e-04 6.145130e-04 5.489680e-04 4.930520e-04 4.390370e-04 3.949750e-04 3.546420e-04 3.178440e-04 2.851360e-04 2.566420e-04 2.323790e-04 2.084650e-04 1.886220e-04 1.704800e-04 1.535640e-04 1.393220e-04 1.259030e-04 1.141890e-04 1.032340e-04 9.385500e-05 8.488900e-05 7.651200e-05 6.965500e-05 6.262500e-05 5.678400e-05 5.110000e-05 4.598700e-05 4.111500e-05 3.668000e-05 3.247600e-05 2.860400e-05 2.504900e-05 2.171200e-05 1.866900e-05
1.791030e-03 1.791571e-03 1.803990e-03 1.731866e-03 1.660643e-03 1.580357e-03 1.462776e-03 1.348693e-03 1.222006e-03 1.105966e-03 9.775150e-04 8.574030e-04 7.525070e-04 6.645710e-04 5.860620e-04 5.177140e-04 4.591680e-04 4.075700e-04 3.591780e-04 3.175300e-04 2.844550e-04 2.560400e-04 2.270670e-04 2.037050e-04 1.836640e-04 1.645520e-04 1.478230e-04 1.317290e-04 1.187160e-04 1.066390e-04 9.524200e-05 8.575300e-05 7.804500e-05 7.042600e-05 6.311500e-05 5.681100e-05 5.117100e-05 4.553400e-05 4.112500e-05 3.729500e-05 3.368600e-05 3.012800e-05 2.725100e-05 2.403100e-05 2.156700e-05 1.923300e-05 1.698200e-05 1.484500e-05 1.308500e-05 1.122900e-05 9.739000e-06
8.697000e-04 9.009720e-04 9.424920e-04 9.194380e-04 9.119340e-04 8.773630e-04 8.406900e-04 7.794860e-04 7.220030e-04 6.545850e-04 5.722610e-04 5.120690e-04 4.533280e-04 3.952710e-04 3.490360e-04 3.127290e-04 2.738500e-04 2.469730e-04 2.198760e-04 1.963090e-04 1.743900e-04 1.548320e-04 1.397020e-04 1.258210e-04 1.136890e-04 1.017440e-04 9.142700e-05 8.161200e-05 7.311000e-05 6.603200e-05 5.954400e-05 5.345700e-05 4.777700e-05 4.247900e-05 3.854900e-05 3.456000e-05 3.108000e-05 2.765900e-05 2.485400e-05 2.231500e-05 1.995200e-05 1.785200e-05 1.599700e-05 1.417700e-05 1.261300e-05 1.111700e-05 9.776000e-06 8.517000e-06 7.407000e-06 6.368000e-06 5.414000e-06
4.074440e-04 4.298760e-04 4.488630e-04 4.523350e-04 4.598220e-04 4.553630e-04 4.421140e-04 4.238140e-04 4.039070e-04 3.687510e-04 3.174700e-04 2.987040e-04 2.598960e-04 2.314660e-04 1.990720e-04 1.794240e-04 1.613260e-04 1.446120e-04 1.297540e-04 1.181640e-04 1.037060e-04 9.185900e-05 8.536500e-05 7.606200e-05 6.909900e-05 6.230700e-05 5.614600e-05 5.072000e-05 4.653200e-05 4.168700e-05 3.788400e-05 3.413700e-05 3.102800e-05 2.753100e-05 2.531400e-05 2.280700e-05 2.040200e-05 1.841800e-05 1.637600e-05 1.480500e-05 1.317300e-05 1.184100e-05 1.042100e-05 9.343000e-06 8.229000e-06 7.198000e-06 6.331000e-06 5.494000e-06 4.756000e-06 4.073000e-06 3.452000e-06
1.909470e-04 1.985090e-04 2.101470e-04 2.182220e-04 2.122910e-04 2.153920e-04 2.075410e-04 1.984260e-04 1.891800e-04 1.865390e-04 1.698430e-04 1.550320e-04 1.325500e-04 1.185770e-04 1.057110e-04 9.041900e-05 8.503200e-05 7.807900e-05 6.909100e-05 6.340500e-05 5.702400e-05 4.922800e-05 4.534800e-05 4.035700e-05 3.824600e-05 3.439000e-05 3.124900e-05 2.823200e-05 2.574300e-05 2.346100e-05 2.152600e-05 1.940400e-05 1.781500e-05 1.625900e-05 1.479500e-05 1.289700e-05 1.226900e-05 1.124600e-05 9.757000e-06 9.120000e-06 8.190000e-06 7.443000e-06 6.611000e-06 6.042000e-06 5.442000e-06 4.775000e-06 4.258000e-06 3.780000e-06 3.315000e-06 2.876000e-06 2.457000e-06
1.072340e-04 1.181700e-04 1.204580e-04 1.226560e-04 1.248320e-04 1.219730e-04 1.179620e-04 1.130510e-04 1.067730e-04 9.956500e-05 9.185200e-05 8.304700e-05 7.329100e-05 6.491100e-05 5.798800e-05 5.199500e-05 4.694500e-05 4.219100e-05 3.800000e-05 3.431200e-05 3.109400e-05 2.817200e-05 2.552500e-05 2.322100e-05 2.085700e-05 1.920000e-05 1.736200e-05 1.582900e-05 1.454500e-05 1.323100e-05 1.204500e-05 1.102200e-05 1.008900e-05 9.182000e-06 8.367000e-06 7.615000e-06 6.942000e-06 6.312000e-06 5.715000e-06 5.201000e-06 4.725000e-06 4.263000e-06 3.845000e-06 3.453000e-06 3.082000e-06 2.751000e-06 2.438000e-06 2.150000e-06 1.883000e-06 1.634000e-06 1.403000e-06
6.229200e-05 6.779100e-05 7.443600e-05 7.756100e-05 7.856900e-05 8.067900e-05 8.083800e-05 7.737400e-05 7.348900e-05 6.914200e-05 6.295600e-05 5.768500e-05 5.083800e-05 4.508100e-05 4.056700e-05 3.651000e-05 3.306900e-05 2.972200e-05 2.711300e-05 2.481200e-05 2.237600e-05 2.036800e-05 1.844000e-05 1.690100e-05 1.536900e-05 1.401300e-05 1.266700e-05 1.161900e-05 1.068000e-05 9.704000e-06 9.010000e-06 8.224000e-06 7.546000e-06 6.853000e-06 6.313000e-06 5.737000e-06 5.268000e-06 4.781000e-06 4.389000e-06 4.018000e-06 3.624000e-06 3.275000e-06 2.982000e-06 2.697000e-06 2.422000e-06 2.168000e-06 1.916000e-06 1.695000e-06 1.500000e-06 1.305000e-06 1.129000e-06
2.882700e-05 3.507500e-05 4.242700e-05 4.618400e-05 5.139300e-05 4.885300e-05 5.163400e-05 5.109700e-05 4.849800e-05 4.592600e-05 4.378200e-05 3.953500e-05 3.439000e-05 3.056800e-05 2.805900e-05 2.521300e-05 2.265700e-05 2.101400e-05 1.875500e-05 1.727400e-05 1.600800e-05 1.452200e-05 1.305800e-05 1.208400e-05 1.113500e-05 1.023900e-05 9.245000e-06 8.526000e-06 7.866000e-06 7.218000e-06 6.658000e-06 6.087000e-06 5.594000e-06 5.133000e-06 4.714000e-06 4.330000e-06 3.930000e-06 3.624000e-06 3.322000e-06 3.013000e-06 2.775000e-06 2.517000e-06 2.300000e-06 2.088000e-06 1.875000e-06 1.684000e-06 1.509000e-06 1.340000e-06 1.180000e-06 1.035000e-06 8.970000e-07
7.891000e-06 1.265800e-05 1.500000e-05 2.300600e-05 2.424500e-05 2.541900e-05 2.912800e-05 2.955900e-05 2.905700e-05 2.650900e-05 2.563500e-05 2.424000e-05 2.119300e-05 1.908700e-05 1.664200e-05 1.487100e-05 1.381200e-05 1.266900e-05 1.137600e-05 1.032600e-05 9.663000e-06 8.791000e-06 8.213000e-06 7.362000e-06 6.947000e-06 6.394000e-06 5.930000e-06 5.552000e-06 5.104000e-06 4.711000e-06 4.401000e-06 4.104000e-06 3.703000e-06 3.525000e-06 3.163000e-06 2.951000e-06 2.701000e-06 2.507000e-06 2.286000e-06 2.125000e-06 1.952000e-06 1.779000e-06 1.623000e-06 1.466000e-06 1.323000e-06 1.181000e-06 1.053000e-06 9.330000e-07 8.290000e-07 7.290000e-07 6.310000e-07
1.850000e-06 2.564000e-06 4.541000e-06 5.077000e-06 7.387000e-06 9.480000e-06 1.053900e-05 1.220600e-05 1.343300e-05 1.330100e-05 1.295100e-05 1.225800e-05 1.134900e-05 9.013000e-06 8.624000e-06 7.584000e-06 6.227000e-06 6.099000e-06 5.961000e-06 5.244000e-06 4.832000e-06 4.495000e-06 4.030000e-06 3.825000e-06 3.571000e-06 3.290000e-06 2.936000e-06 2.778000e-06 2.558000e-06 2.454000e-06 2.218000e-06 2.125000e-06 1.974000e-06 1.858000e-06 1.760000e-06 1.667000e-06 1.530000e-06 1.472000e-06 1.379000e-06 1.295000e-06 1.213000e-06 1.100000e-06 1.035000e-06 9.480000e-07 8.640000e-07 7.860000e-07 7.130000e-07 6.410000e-07 5.710000e-07 5.060000e-07 4.460000e-07
2.390000e-07 3.890000e-07 5.250000e-07 5.400000e-07 6.320000e-07 1.015000e-06 1.396000e-06 1.757000e-06 2.160000e-06 2.909000e-06 3.419000e-06 3.184000e-06 2.737000e-06 2.410000e-06 2.132000e-06 1.938000e-06 1.712000e-06 1.539000e-06 1.309000e-06 1.118000e-06 1.122000e-06 1.117000e-06 1.089000e-06 1.023000e-06 9.310000e-07 8.120000e-07 7.300000e-07 6.880000e-07 6.710000e-07 6.240000e-07 5.560000e-07 4.960000e-07 4.980000e-07 4.910000e-07 4.500000e-07 4.130000e-07 3.870000e-07 3.780000e-07 3.500000e-07 3.280000e-07 3.170000e-07 3.010000e-07 2.800000e-07 2.690000e-07 2.540000e-07 2.440000e-07 2.330000e-07 2.200000e-07 2.100000e-07 2.010000e-07 1.920000e-07
