# blackbody photon field, temperature = ?
# format of field density is d = d(z0), d(z1), ..., d(zn) for each energy
# photon energy / eV 
1.0000e-06 1.2303e-06 1.5136e-06 1.8621e-06 2.2909e-06 2.8184e-06 3.4674e-06 4.2658e-06 5.2481e-06 6.4565e-06 7.9433e-06 9.7724e-06 1.2023e-05 1.4791e-05 1.8197e-05 2.2387e-05 2.7542e-05 3.3884e-05 4.1687e-05 5.1286e-05 6.3096e-05 7.7625e-05 9.5499e-05 1.1749e-04 1.4454e-04 1.7783e-04 2.1878e-04 2.6915e-04 3.3113e-04 4.0738e-04 5.0119e-04 6.1660e-04 7.5858e-04 9.3325e-04 1.1482e-03 1.4125e-03 1.7378e-03 2.1380e-03 2.6303e-03 3.2359e-03 3.9811e-03 4.8978e-03 6.0256e-03 7.4131e-03 9.1201e-03 1.1220e-02 1.3804e-02 1.6982e-02 2.0893e-02 2.5704e-02 3.1623e-02 3.8905e-02 4.7863e-02 5.8884e-02 7.2444e-02 8.9125e-02 1.0965e-01 1.3490e-01 1.6596e-01 2.0417e-01 2.5119e-01 3.0903e-01 3.8019e-01 4.6774e-01 5.7544e-01 7.0795e-01 8.7096e-01 1.0715e+00 1.3183e+00 1.6218e+00 1.9953e+00 2.4547e+00 3.0200e+00 3.7154e+00 4.5709e+00 5.6234e+00 6.9183e+00 8.5114e+00 1.0471e+01 1.2882e+01 1.5849e+01 1.9498e+01 2.3988e+01 2.9512e+01 3.6308e+01 4.4668e+01 5.4954e+01 6.7608e+01 8.3176e+01 1.0233e+02 1.2589e+02 1.5488e+02 1.9055e+02 2.3442e+02 2.8840e+02 3.5481e+02 4.3652e+02 5.3703e+02 6.6069e+02 8.1283e+02 1.0000e+03
# redshift 
0.0000e+00 5.0000e-01 1.0000e+00 1.5000e+00 2.0000e+00 2.5000e+00 3.0000e+00 3.5000e+00 4.0000e+00 4.5000e+00 5.0000e+00
# photon field density / 1/eVcm^3 
1.0898e+08 1.0898e+08 1.0898e+08 1.0898e+08 1.0898e+08 1.0898e+08 1.0898e+08 1.0898e+08 1.0898e+08 1.0898e+08 1.0898e+08
1.3407e+08 1.3407e+08 1.3407e+08 1.3407e+08 1.3407e+08 1.3407e+08 1.3407e+08 1.3407e+08 1.3407e+08 1.3407e+08 1.3407e+08
1.6495e+08 1.6495e+08 1.6495e+08 1.6495e+08 1.6495e+08 1.6495e+08 1.6495e+08 1.6495e+08 1.6495e+08 1.6495e+08 1.6495e+08
2.0293e+08 2.0293e+08 2.0293e+08 2.0293e+08 2.0293e+08 2.0293e+08 2.0293e+08 2.0293e+08 2.0293e+08 2.0293e+08 2.0293e+08
2.4966e+08 2.4966e+08 2.4966e+08 2.4966e+08 2.4966e+08 2.4966e+08 2.4966e+08 2.4966e+08 2.4966e+08 2.4966e+08 2.4966e+08
3.0715e+08 3.0715e+08 3.0715e+08 3.0715e+08 3.0715e+08 3.0715e+08 3.0715e+08 3.0715e+08 3.0715e+08 3.0715e+08 3.0715e+08
3.7787e+08 3.7787e+08 3.7787e+08 3.7787e+08 3.7787e+08 3.7787e+08 3.7787e+08 3.7787e+08 3.7787e+08 3.7787e+08 3.7787e+08
4.6488e+08 4.6488e+08 4.6488e+08 4.6488e+08 4.6488e+08 4.6488e+08 4.6488e+08 4.6488e+08 4.6488e+08 4.6488e+08 4.6488e+08
5.7193e+08 5.7193e+08 5.7193e+08 5.7193e+08 5.7193e+08 5.7193e+08 5.7193e+08 5.7193e+08 5.7193e+08 5.7193e+08 5.7193e+08
7.0363e+08 7.0363e+08 7.0363e+08 7.0363e+08 7.0363e+08 7.0363e+08 7.0363e+08 7.0363e+08 7.0363e+08 7.0363e+08 7.0363e+08
8.6565e+08 8.6565e+08 8.6565e+08 8.6565e+08 8.6565e+08 8.6565e+08 8.6565e+08 8.6565e+08 8.6565e+08 8.6565e+08 8.6565e+08
1.0650e+09 1.0650e+09 1.0650e+09 1.0650e+09 1.0650e+09 1.0650e+09 1.0650e+09 1.0650e+09 1.0650e+09 1.0650e+09 1.0650e+09
1.3102e+09 1.3102e+09 1.3102e+09 1.3102e+09 1.3102e+09 1.3102e+09 1.3102e+09 1.3102e+09 1.3102e+09 1.3102e+09 1.3102e+09
1.6119e+09 1.6119e+09 1.6119e+09 1.6119e+09 1.6119e+09 1.6119e+09 1.6119e+09 1.6119e+09 1.6119e+09 1.6119e+09 1.6119e+09
1.9831e+09 1.9831e+09 1.9831e+09 1.9831e+09 1.9831e+09 1.9831e+09 1.9831e+09 1.9831e+09 1.9831e+09 1.9831e+09 1.9831e+09
2.4397e+09 2.4397e+09 2.4397e+09 2.4397e+09 2.4397e+09 2.4397e+09 2.4397e+09 2.4397e+09 2.4397e+09 2.4397e+09 2.4397e+09
3.0015e+09 3.0015e+09 3.0015e+09 3.0015e+09 3.0015e+09 3.0015e+09 3.0015e+09 3.0015e+09 3.0015e+09 3.0015e+09 3.0015e+09
3.6927e+09 3.6927e+09 3.6927e+09 3.6927e+09 3.6927e+09 3.6927e+09 3.6927e+09 3.6927e+09 3.6927e+09 3.6927e+09 3.6927e+09
4.5430e+09 4.5430e+09 4.5430e+09 4.5430e+09 4.5430e+09 4.5430e+09 4.5430e+09 4.5430e+09 4.5430e+09 4.5430e+09 4.5430e+09
5.5891e+09 5.5891e+09 5.5891e+09 5.5891e+09 5.5891e+09 5.5891e+09 5.5891e+09 5.5891e+09 5.5891e+09 5.5891e+09 5.5891e+09
6.8761e+09 6.8761e+09 6.8761e+09 6.8761e+09 6.8761e+09 6.8761e+09 6.8761e+09 6.8761e+09 6.8761e+09 6.8761e+09 6.8761e+09
8.4595e+09 8.4595e+09 8.4595e+09 8.4595e+09 8.4595e+09 8.4595e+09 8.4595e+09 8.4595e+09 8.4595e+09 8.4595e+09 8.4595e+09
1.0407e+10 1.0407e+10 1.0407e+10 1.0407e+10 1.0407e+10 1.0407e+10 1.0407e+10 1.0407e+10 1.0407e+10 1.0407e+10 1.0407e+10
1.2804e+10 1.2804e+10 1.2804e+10 1.2804e+10 1.2804e+10 1.2804e+10 1.2804e+10 1.2804e+10 1.2804e+10 1.2804e+10 1.2804e+10
1.5752e+10 1.5752e+10 1.5752e+10 1.5752e+10 1.5752e+10 1.5752e+10 1.5752e+10 1.5752e+10 1.5752e+10 1.5752e+10 1.5752e+10
1.9379e+10 1.9379e+10 1.9379e+10 1.9379e+10 1.9379e+10 1.9379e+10 1.9379e+10 1.9379e+10 1.9379e+10 1.9379e+10 1.9379e+10
2.3842e+10 2.3842e+10 2.3842e+10 2.3842e+10 2.3842e+10 2.3842e+10 2.3842e+10 2.3842e+10 2.3842e+10 2.3842e+10 2.3842e+10
2.9332e+10 2.9332e+10 2.9332e+10 2.9332e+10 2.9332e+10 2.9332e+10 2.9332e+10 2.9332e+10 2.9332e+10 2.9332e+10 2.9332e+10
3.6086e+10 3.6086e+10 3.6086e+10 3.6086e+10 3.6086e+10 3.6086e+10 3.6086e+10 3.6086e+10 3.6086e+10 3.6086e+10 3.6086e+10
4.4395e+10 4.4395e+10 4.4395e+10 4.4395e+10 4.4395e+10 4.4395e+10 4.4395e+10 4.4395e+10 4.4395e+10 4.4395e+10 4.4395e+10
5.4617e+10 5.4617e+10 5.4617e+10 5.4617e+10 5.4617e+10 5.4617e+10 5.4617e+10 5.4617e+10 5.4617e+10 5.4617e+10 5.4617e+10
6.7194e+10 6.7194e+10 6.7194e+10 6.7194e+10 6.7194e+10 6.7194e+10 6.7194e+10 6.7194e+10 6.7194e+10 6.7194e+10 6.7194e+10
8.2666e+10 8.2666e+10 8.2666e+10 8.2666e+10 8.2666e+10 8.2666e+10 8.2666e+10 8.2666e+10 8.2666e+10 8.2666e+10 8.2666e+10
1.0170e+11 1.0170e+11 1.0170e+11 1.0170e+11 1.0170e+11 1.0170e+11 1.0170e+11 1.0170e+11 1.0170e+11 1.0170e+11 1.0170e+11
1.2512e+11 1.2512e+11 1.2512e+11 1.2512e+11 1.2512e+11 1.2512e+11 1.2512e+11 1.2512e+11 1.2512e+11 1.2512e+11 1.2512e+11
1.5392e+11 1.5392e+11 1.5392e+11 1.5392e+11 1.5392e+11 1.5392e+11 1.5392e+11 1.5392e+11 1.5392e+11 1.5392e+11 1.5392e+11
1.8936e+11 1.8936e+11 1.8936e+11 1.8936e+11 1.8936e+11 1.8936e+11 1.8936e+11 1.8936e+11 1.8936e+11 1.8936e+11 1.8936e+11
2.3296e+11 2.3296e+11 2.3296e+11 2.3296e+11 2.3296e+11 2.3296e+11 2.3296e+11 2.3296e+11 2.3296e+11 2.3296e+11 2.3296e+11
2.8660e+11 2.8660e+11 2.8660e+11 2.8660e+11 2.8660e+11 2.8660e+11 2.8660e+11 2.8660e+11 2.8660e+11 2.8660e+11 2.8660e+11
3.5258e+11 3.5258e+11 3.5258e+11 3.5258e+11 3.5258e+11 3.5258e+11 3.5258e+11 3.5258e+11 3.5258e+11 3.5258e+11 3.5258e+11
4.3375e+11 4.3375e+11 4.3375e+11 4.3375e+11 4.3375e+11 4.3375e+11 4.3375e+11 4.3375e+11 4.3375e+11 4.3375e+11 4.3375e+11
5.3360e+11 5.3360e+11 5.3360e+11 5.3360e+11 5.3360e+11 5.3360e+11 5.3360e+11 5.3360e+11 5.3360e+11 5.3360e+11 5.3360e+11
6.5643e+11 6.5643e+11 6.5643e+11 6.5643e+11 6.5643e+11 6.5643e+11 6.5643e+11 6.5643e+11 6.5643e+11 6.5643e+11 6.5643e+11
8.0751e+11 8.0751e+11 8.0751e+11 8.0751e+11 8.0751e+11 8.0751e+11 8.0751e+11 8.0751e+11 8.0751e+11 8.0751e+11 8.0751e+11
9.9336e+11 9.9336e+11 9.9336e+11 9.9336e+11 9.9336e+11 9.9336e+11 9.9336e+11 9.9336e+11 9.9336e+11 9.9336e+11 9.9336e+11
1.2219e+12 1.2219e+12 1.2219e+12 1.2219e+12 1.2219e+12 1.2219e+12 1.2219e+12 1.2219e+12 1.2219e+12 1.2219e+12 1.2219e+12
1.5031e+12 1.5031e+12 1.5031e+12 1.5031e+12 1.5031e+12 1.5031e+12 1.5031e+12 1.5031e+12 1.5031e+12 1.5031e+12 1.5031e+12
1.8488e+12 1.8488e+12 1.8488e+12 1.8488e+12 1.8488e+12 1.8488e+12 1.8488e+12 1.8488e+12 1.8488e+12 1.8488e+12 1.8488e+12
2.2740e+12 2.2740e+12 2.2740e+12 2.2740e+12 2.2740e+12 2.2740e+12 2.2740e+12 2.2740e+12 2.2740e+12 2.2740e+12 2.2740e+12
2.7969e+12 2.7969e+12 2.7969e+12 2.7969e+12 2.7969e+12 2.7969e+12 2.7969e+12 2.7969e+12 2.7969e+12 2.7969e+12 2.7969e+12
3.4396e+12 3.4396e+12 3.4396e+12 3.4396e+12 3.4396e+12 3.4396e+12 3.4396e+12 3.4396e+12 3.4396e+12 3.4396e+12 3.4396e+12
4.2298e+12 4.2298e+12 4.2298e+12 4.2298e+12 4.2298e+12 4.2298e+12 4.2298e+12 4.2298e+12 4.2298e+12 4.2298e+12 4.2298e+12
5.2010e+12 5.2010e+12 5.2010e+12 5.2010e+12 5.2010e+12 5.2010e+12 5.2010e+12 5.2010e+12 5.2010e+12 5.2010e+12 5.2010e+12
6.3944e+12 6.3944e+12 6.3944e+12 6.3944e+12 6.3944e+12 6.3944e+12 6.3944e+12 6.3944e+12 6.3944e+12 6.3944e+12 6.3944e+12
7.8603e+12 7.8603e+12 7.8603e+12 7.8603e+12 7.8603e+12 7.8603e+12 7.8603e+12 7.8603e+12 7.8603e+12 7.8603e+12 7.8603e+12
9.6606e+12 9.6606e+12 9.6606e+12 9.6606e+12 9.6606e+12 9.6606e+12 9.6606e+12 9.6606e+12 9.6606e+12 9.6606e+12 9.6606e+12
1.1870e+13 1.1870e+13 1.1870e+13 1.1870e+13 1.1870e+13 1.1870e+13 1.1870e+13 1.1870e+13 1.1870e+13 1.1870e+13 1.1870e+13
1.4581e+13 1.4581e+13 1.4581e+13 1.4581e+13 1.4581e+13 1.4581e+13 1.4581e+13 1.4581e+13 1.4581e+13 1.4581e+13 1.4581e+13
1.7905e+13 1.7905e+13 1.7905e+13 1.7905e+13 1.7905e+13 1.7905e+13 1.7905e+13 1.7905e+13 1.7905e+13 1.7905e+13 1.7905e+13
2.1977e+13 2.1977e+13 2.1977e+13 2.1977e+13 2.1977e+13 2.1977e+13 2.1977e+13 2.1977e+13 2.1977e+13 2.1977e+13 2.1977e+13
2.6961e+13 2.6961e+13 2.6961e+13 2.6961e+13 2.6961e+13 2.6961e+13 2.6961e+13 2.6961e+13 2.6961e+13 2.6961e+13 2.6961e+13
3.3052e+13 3.3052e+13 3.3052e+13 3.3052e+13 3.3052e+13 3.3052e+13 3.3052e+13 3.3052e+13 3.3052e+13 3.3052e+13 3.3052e+13
4.0488e+13 4.0488e+13 4.0488e+13 4.0488e+13 4.0488e+13 4.0488e+13 4.0488e+13 4.0488e+13 4.0488e+13 4.0488e+13 4.0488e+13
4.9545e+13 4.9545e+13 4.9545e+13 4.9545e+13 4.9545e+13 4.9545e+13 4.9545e+13 4.9545e+13 4.9545e+13 4.9545e+13 4.9545e+13
6.0554e+13 6.0554e+13 6.0554e+13 6.0554e+13 6.0554e+13 6.0554e+13 6.0554e+13 6.0554e+13 6.0554e+13 6.0554e+13 6.0554e+13
7.3896e+13 7.3896e+13 7.3896e+13 7.3896e+13 7.3896e+13 7.3896e+13 7.3896e+13 7.3896e+13 7.3896e+13 7.3896e+13 7.3896e+13
9.0006e+13 9.0006e+13 9.0006e+13 9.0006e+13 9.0006e+13 9.0006e+13 9.0006e+13 9.0006e+13 9.0006e+13 9.0006e+13 9.0006e+13
1.0937e+14 1.0937e+14 1.0937e+14 1.0937e+14 1.0937e+14 1.0937e+14 1.0937e+14 1.0937e+14 1.0937e+14 1.0937e+14 1.0937e+14
1.3252e+14 1.3252e+14 1.3252e+14 1.3252e+14 1.3252e+14 1.3252e+14 1.3252e+14 1.3252e+14 1.3252e+14 1.3252e+14 1.3252e+14
1.5998e+14 1.5998e+14 1.5998e+14 1.5998e+14 1.5998e+14 1.5998e+14 1.5998e+14 1.5998e+14 1.5998e+14 1.5998e+14 1.5998e+14
1.9226e+14 1.9226e+14 1.9226e+14 1.9226e+14 1.9226e+14 1.9226e+14 1.9226e+14 1.9226e+14 1.9226e+14 1.9226e+14 1.9226e+14
2.2977e+14 2.2977e+14 2.2977e+14 2.2977e+14 2.2977e+14 2.2977e+14 2.2977e+14 2.2977e+14 2.2977e+14 2.2977e+14 2.2977e+14
2.7266e+14 2.7266e+14 2.7266e+14 2.7266e+14 2.7266e+14 2.7266e+14 2.7266e+14 2.7266e+14 2.7266e+14 2.7266e+14 2.7266e+14
3.2072e+14 3.2072e+14 3.2072e+14 3.2072e+14 3.2072e+14 3.2072e+14 3.2072e+14 3.2072e+14 3.2072e+14 3.2072e+14 3.2072e+14
3.7307e+14 3.7307e+14 3.7307e+14 3.7307e+14 3.7307e+14 3.7307e+14 3.7307e+14 3.7307e+14 3.7307e+14 3.7307e+14 3.7307e+14
4.2788e+14 4.2788e+14 4.2788e+14 4.2788e+14 4.2788e+14 4.2788e+14 4.2788e+14 4.2788e+14 4.2788e+14 4.2788e+14 4.2788e+14
4.8202e+14 4.8202e+14 4.8202e+14 4.8202e+14 4.8202e+14 4.8202e+14 4.8202e+14 4.8202e+14 4.8202e+14 4.8202e+14 4.8202e+14
5.3066e+14 5.3066e+14 5.3066e+14 5.3066e+14 5.3066e+14 5.3066e+14 5.3066e+14 5.3066e+14 5.3066e+14 5.3066e+14 5.3066e+14
5.6716e+14 5.6716e+14 5.6716e+14 5.6716e+14 5.6716e+14 5.6716e+14 5.6716e+14 5.6716e+14 5.6716e+14 5.6716e+14 5.6716e+14
5.8339e+14 5.8339e+14 5.8339e+14 5.8339e+14 5.8339e+14 5.8339e+14 5.8339e+14 5.8339e+14 5.8339e+14 5.8339e+14 5.8339e+14
5.7091e+14 5.7091e+14 5.7091e+14 5.7091e+14 5.7091e+14 5.7091e+14 5.7091e+14 5.7091e+14 5.7091e+14 5.7091e+14 5.7091e+14
5.2353e+14 5.2353e+14 5.2353e+14 5.2353e+14 5.2353e+14 5.2353e+14 5.2353e+14 5.2353e+14 5.2353e+14 5.2353e+14 5.2353e+14
4.4107e+14 4.4107e+14 4.4107e+14 4.4107e+14 4.4107e+14 4.4107e+14 4.4107e+14 4.4107e+14 4.4107e+14 4.4107e+14 4.4107e+14
3.3285e+14 3.3285e+14 3.3285e+14 3.3285e+14 3.3285e+14 3.3285e+14 3.3285e+14 3.3285e+14 3.3285e+14 3.3285e+14 3.3285e+14
2.1793e+14 2.1793e+14 2.1793e+14 2.1793e+14 2.1793e+14 2.1793e+14 2.1793e+14 2.1793e+14 2.1793e+14 2.1793e+14 2.1793e+14
1.1905e+14 1.1905e+14 1.1905e+14 1.1905e+14 1.1905e+14 1.1905e+14 1.1905e+14 1.1905e+14 1.1905e+14 1.1905e+14 1.1905e+14
5.1772e+13 5.1772e+13 5.1772e+13 5.1772e+13 5.1772e+13 5.1772e+13 5.1772e+13 5.1772e+13 5.1772e+13 5.1772e+13 5.1772e+13
1.6944e+13 1.6944e+13 1.6944e+13 1.6944e+13 1.6944e+13 1.6944e+13 1.6944e+13 1.6944e+13 1.6944e+13 1.6944e+13 1.6944e+13
3.9013e+12 3.9013e+12 3.9013e+12 3.9013e+12 3.9013e+12 3.9013e+12 3.9013e+12 3.9013e+12 3.9013e+12 3.9013e+12 3.9013e+12
5.8238e+11 5.8238e+11 5.8238e+11 5.8238e+11 5.8238e+11 5.8238e+11 5.8238e+11 5.8238e+11 5.8238e+11 5.8238e+11 5.8238e+11
5.1001e+10 5.1001e+10 5.1001e+10 5.1001e+10 5.1001e+10 5.1001e+10 5.1001e+10 5.1001e+10 5.1001e+10 5.1001e+10 5.1001e+10
2.3172e+09 2.3172e+09 2.3172e+09 2.3172e+09 2.3172e+09 2.3172e+09 2.3172e+09 2.3172e+09 2.3172e+09 2.3172e+09 2.3172e+09
4.6961e+07 4.6961e+07 4.6961e+07 4.6961e+07 4.6961e+07 4.6961e+07 4.6961e+07 4.6961e+07 4.6961e+07 4.6961e+07 4.6961e+07
3.5251e+05 3.5251e+05 3.5251e+05 3.5251e+05 3.5251e+05 3.5251e+05 3.5251e+05 3.5251e+05 3.5251e+05 3.5251e+05 3.5251e+05
7.7970e+02 7.7970e+02 7.7970e+02 7.7970e+02 7.7970e+02 7.7970e+02 7.7970e+02 7.7970e+02 7.7970e+02 7.7970e+02 7.7970e+02
3.8355e-01 3.8355e-01 3.8355e-01 3.8355e-01 3.8355e-01 3.8355e-01 3.8355e-01 3.8355e-01 3.8355e-01 3.8355e-01 3.8355e-01
2.9683e-05 2.9683e-05 2.9683e-05 2.9683e-05 2.9683e-05 2.9683e-05 2.9683e-05 2.9683e-05 2.9683e-05 2.9683e-05 2.9683e-05
2.3607e-10 2.3607e-10 2.3607e-10 2.3607e-10 2.3607e-10 2.3607e-10 2.3607e-10 2.3607e-10 2.3607e-10 2.3607e-10 2.3607e-10
1.1426e-16 1.1426e-16 1.1426e-16 1.1426e-16 1.1426e-16 1.1426e-16 1.1426e-16 1.1426e-16 1.1426e-16 1.1426e-16 1.1426e-16
1.7664e-24 1.7664e-24 1.7664e-24 1.7664e-24 1.7664e-24 1.7664e-24 1.7664e-24 1.7664e-24 1.7664e-24 1.7664e-24 1.7664e-24
3.9470e-34 3.9470e-34 3.9470e-34 3.9470e-34 3.9470e-34 3.9470e-34 3.9470e-34 3.9470e-34 3.9470e-34 3.9470e-34 3.9470e-34
